-1401.139340070109
-1401.1382550252943
-1401.1350395682648
-1401.129664495231
-1401.1220562245755
-1401.112454882144
-1401.1006154649715
-1401.08676349123
-1401.0706749266071
-1401.0527132046384
-1401.0326063049786
-1401.0104609275004
-1400.9863219949218
-1400.9602023292903
-1400.9321443906153
-1400.9021507144428
-1400.8703173694307
-1400.8366264854112
-1400.8011708289548
-1400.7639722166546
-1400.7250831847853
-1400.6845494027737
-1400.6424279916655
-1400.5987686061212
-1400.5536365407575
-1400.5070875917747
-1400.4591856920624
-1400.4100055330648
-1400.3595943591697
-1400.3080374519445
-1400.2553989908276
-1400.2017621800535
-1400.1471932438624
-1400.0917677839896
-1400.0355605943948
-1399.9786507228637
-1399.9211117560787
-1399.8630156612462
-1399.8044347572036
-1399.7454391890776
-1399.6861042316546
-1399.6264927550808
-1399.5666744763744
-1399.5067168100022
-1399.44668668832
-1399.3866489303948
-1399.3266696349096
-1399.2668194295302
-1399.2071649590425
-1399.1477763688583
-1399.0887254139486
-1399.030083468546
-1398.9719240454258
-1398.914321496242
-1398.8573509588816
-1398.8010856171732
-1398.7456007704445
-1398.6909709835836
-1398.6372706385648
-1398.584569424013
-1398.5329398368294
-1398.4824513561869
-1398.4331732791281
-1398.385167604745
-1398.3385055553172
-1398.29324461144
-1398.2494462696197
-1398.207168864741
-1398.1664639935384
-1398.1273880781441
-1398.0899881752523
-1398.0543145018212
-1398.0204299439056
-1397.988332641687
-1397.9580885344758
-1397.9297316182874
-1397.903295372355
-1397.8788127194632
-1397.8563115640263
-1397.835817765228
-1397.8173536762768
-1397.800942099748
-1397.7865981277807
-1397.7743419492883
-1397.7641863082015
-1397.7561386563511
-1397.7502098912614
-1397.746410390178
-1397.74473513901
-1397.7451942255793
-1397.7477837565373
-1397.752505323894
-1397.759342069931
-1397.7683002774397
-1397.7793579279362
-1397.7925112138216
-1397.8077911023254
-1397.8250037076016
-1397.8443323377862
-1397.865662148328
-1397.8889739074036
-1397.9142357875737
-1397.9414161729903
-1397.9704791015956
-1398.0013838308048
-1398.034087563387
-1398.0685460694733
-1398.1047104572344
-1398.1425298097297
-1398.1819565362186
-1398.2229270677137
-1398.2653895889684
-1398.309280733243
-1398.3545384917434
-1398.4011001276572
-1398.44889997205
-1398.4978703081897
-1398.5479442421733
-1398.5990509793291
-1398.6511214003208
-1398.7040836101378
-1398.7578674909769
-1398.8124008815892
-1398.8676135619419
-1398.9234265841242
-1398.9797771085234
-1399.0365914970214
-1399.0938014504
-1399.1513352630545
-1399.2091241148462
-1399.2671049019207
-1399.3252069459616
-1399.383367467281
-1399.4415209327753
-1399.4996052297804
-1399.5575550221602
-1399.6153115340808
-1399.672893664282
-1399.730067590255
-1399.78686419405
-1399.8432428960216
-1399.8990786085621
-1399.9543389155392
-1400.0089584019156
-1400.0628755152552
-1400.1160247285184
-1400.1683485051797
-1400.219784001488
-1400.2702757043182
-1400.3197640882013
-1400.3681951178075
-1400.4155152798694
-1400.4616753068844
-1400.5066253282469
-1400.550317426125
-1400.592708861715
-1400.6337598448847
-1400.6734252949
-1400.7116141325814
-1400.748530075702
-1400.7837497599794
-1400.8176418538346
-1400.8497455323702
-1400.8804632505
-1400.9094299086992
-1400.9368922693054
-1400.9625393675717
-1400.986627665571
-1401.0089639372045
-1401.0296275422972
-1401.0485201376764
-1401.0656486506134
-1401.0810253882998
-1401.0946689696818
-1401.1064567600147
-1401.1164723214433
-1401.124718681113
-1401.1310764370257
-1401.1356785110695
-1401.138394523108
-1401.1393466690056
