  -60.753326
  -60.753296
  -60.753975
  -60.753784
  -60.753506
  -60.753162
 -60.75274
  -60.752224
  -60.751648
  -60.75099
  -60.750263
  -60.74945
  -60.748566
  -60.747597
  -60.746563
  -60.745453
  -60.744255
 -60.742996
  -60.741665
  -60.74026
  -60.73878
 -60.737236
 -60.735622
 -60.73394
 -60.73219
  -60.730377
  -60.728504
 -60.726566
  -60.72456
 -60.72252
  -60.7204
  -60.718235
  -60.716022
 -60.713753
 -60.711433
 -60.709064
  -60.706657
  -60.704197
  -60.701706
  -60.699165
  -60.696583
 -60.693977
 -60.691326
 -60.688644
 -60.685936
 -60.6832
 -60.680443
 -60.677658
 -60.674862
 -60.672047
  -60.66922
  -60.666393
  -60.663563
  -60.660736
  -60.657917
  -60.655117
  -60.652348
  -60.649582
  -60.64686
  -60.644173
  -60.641525
  -60.638935
 -60.636395
  -60.633926
  -60.631516
  -60.629173
  -60.62692
  -60.624744
  -60.62266
  -60.620663
  -60.618755
  -60.616962
  -60.615253
  -60.613647
  -60.612144
  -60.610756
  -60.609463
  -60.608276
  -60.6072
  -60.60623
  -60.605366
 -60.604607
 -60.60395
 -60.603397
 -60.602943
 -60.6026
 -60.60234
 -60.6022
 -60.60215
 -60.602196
 -60.602345
 -60.602596
 -60.60294
 -60.60338
 -60.603924
 -60.60456
-60.605297
 -60.606133
 -60.607063
 -60.608093
 -60.609215
-60.610443
-60.611755
 -60.61317
 -60.61467
 -60.616264
 -60.617966
-60.61974
 -60.621613
 -60.623558
 -60.62561
 -60.62772
 -60.629913
 -60.632187
 -60.63453
 -60.636917
 -60.639385
 -60.641888
 -60.644455
 -60.647064
 -60.64971
 -60.652386
  -60.655094
 -60.657818
  -60.66056
  -60.663315
 -60.66607
-60.66884
  -60.671577
  -60.674335
-60.677055
 -60.67976
-60.682457
  -60.685127
 -60.687763
 -60.690372
 -60.692966
 -60.695507
  -60.69802
 -60.700485
 -60.702915
 -60.705303
 -60.70765
 -60.709953
 -60.712208
  -60.714417
  -60.716564
  -60.718674
 -60.720734
 -60.722736
 -60.72469
  -60.726574
 -60.72841
 -60.73019
  -60.73191
 -60.733578
  -60.735172
 -60.73671
  -60.73818
-60.73959
  -60.740936
  -60.742226
-60.743443
  -60.744602
 -60.745686
 -60.74671
  -60.747665
  -60.748558
  -60.74938
  -60.75014
  -60.750828
 -60.75146
-60.752018
  -60.75251
  -60.752945
 -60.753307
 -60.753593
  -60.75383
 -60.754
  -60.754093
    -60.754124
