-1682.8025852078958
0.000
0.000
0.000
0.000
0.000
0.000
0.000
0.000
0.000
-1682.6993507713287
0.000
0.000
0.000
0.000
0.000
0.000
0.000
0.000
0.000
-1682.4020639353
0.000
0.000
0.000
0.000
0.000
0.000
0.000
0.000
0.000
-1681.9498227712304
0.000
0.000
0.000
0.000
0.000
0.000
0.000
0.000
0.000
-1681.4057918614094
0.000
0.000
0.000
0.000
0.000
0.000
0.000
0.000
0.000
-1680.8398930003416
0.000
0.000
0.000
0.000
0.000
0.000
0.000
0.000
0.000
-1680.3166210576544
0.000
0.000
0.000
0.000
0.000
0.000
0.000
0.000
0.000
-1679.9016310730497
0.000
0.000
0.000
0.000
0.000
0.000
0.000
0.000
0.000
-1679.6483710576706
0.000
0.000
0.000
0.000
0.000
0.000
0.000
0.000
0.000
-1679.586757289771
0.000
0.000
0.000
0.000
0.000
0.000
0.000
0.000
0.000
-1679.7216107566774
0.000
0.000
0.000
0.000
0.000
0.000
0.000
0.000
0.000
-1680.0343260181558
0.000
0.000
0.000
0.000
0.000
0.000
0.000
0.000
0.000
-1680.4826948655675
0.000
0.000
0.000
0.000
0.000
0.000
0.000
0.000
0.000
-1681.0086242760979
0.000
0.000
0.000
0.000
0.000
0.000
0.000
0.000
0.000
-1681.5508530677243
0.000
0.000
0.000
0.000
0.000
0.000
0.000
0.000
0.000
-1682.0515625866835
0.000
0.000
0.000
0.000
0.000
0.000
0.000
0.000
0.000
-1682.4540662702354
0.000
0.000
0.000
0.000
0.000
0.000
0.000
0.000
0.000
-1682.7132531843222
0.000
0.000
0.000
0.000
0.000
0.000
0.000
0.000
0.000
-1682.8026175753034
