-1254.5321369185626     -1254.5833589969634
-1314.5334508399465     -1314.413207650757
-1274.4754490817324     -1274.484856960869
-1260.3388148882984     -1260.5591304655075
-1293.6357754972944     -1293.967889940071
-1304.870554812948     -1304.8174545581817
-1254.8223086916048     -1254.8345083623885
-1271.3316436336086     -1271.4009538772582
-1326.6250227452006     -1326.6885617311477
-1268.2913205822897     -1268.6939947624207
-1282.2305207634388     -1282.220081479454
-1256.3673449581634     -1256.4320998249054
-1260.1323491543396     -1260.0917551315308
-1272.1754444797723     -1272.1552816560745
-1299.740740284494     -1299.8247283290864
-1303.8836598368182     -1304.091100684166
-1285.4593145133629     -1285.567449484062
-1270.5717975112013     -1270.3823694631576
-1270.9674941746173     -1271.1869271150588
-1265.2260703121378     -1265.606924821663
-1249.9611120957097     -1250.1779968004228
-1190.800158951917     -1190.8702397346497
-1306.3465438138728     -1306.4900829414366
-1303.159111896985     -1303.1247694129943
-1332.37394993968     -1332.3851219612122
-1318.6586450106054     -1318.6680561645508
-1268.7505472954435     -1268.8108166038512
-1296.7121003057832     -1296.8228996265411
-1248.4305195795002     -1248.3969915281295
-1266.6969997268625     -1266.6058923151015
-1245.3522419637068     -1245.3154635873793
-1269.461635083328     -1269.3022072711944
-1298.098887282131     -1298.1826249300002
-1271.0601389279252     -1271.2243136230468
-1275.4651945277342     -1275.3875871843338
-1221.985085940661     -1222.018391015625
-1242.8937922634395     -1243.0492254255294
-1267.4665874735188     -1267.4716758718491
-1309.534939221848     -1309.42109719944
-1315.7320453479608     -1315.6332393667221
-1292.1371311205676     -1292.2216321281433
-1183.978267655029     -1183.9607732172012
-1282.1636265783832     -1282.3103369081498
-1227.4094256232806     -1227.4295822294234
-1259.8613779944856     -1259.8014598930358
-1232.0402296777352     -1232.005954711914
-1305.8103586405864     -1305.83771036911
-1277.9916505428523     -1278.2945861089706
-1280.4174621169007     -1280.4903616992951
-1268.2941297837885     -1268.3632341270447
-1230.6351033154654     -1230.546913249588
-1238.8921719969144     -1238.9329269119262
-1303.0947976984407     -1303.1128936986922
-1322.211690711993     -1322.2059634075165
-1231.9363223811197     -1231.9507106483459
-1220.596441137123     -1220.4960124103545
-1237.9828050291624     -1237.9505854185104
-1299.6656227023439     -1299.6545977256774
-1301.522212576217     -1301.422231823349
-1279.5544124053067     -1279.228193189621
-1191.6558486709478     -1191.5456599895476
-1249.3474281899832     -1249.2720997198105
-1209.682445076109     -1209.7257071891784
-1230.7173488086491     -1230.5928326782227
-1277.9722057603194     -1277.9853776958466
-1287.6840440582791     -1287.38469767704
-1228.1229417426855     -1228.2072215955734
-1254.0818854630131     -1254.016843440628
-1219.4601017483476     -1219.1133273925782
-1298.249010977459     -1298.2210670570373
-1278.5963083140289     -1278.5628892839432
-1236.3527431118648     -1236.489344749832
-1265.3022719885873     -1265.3769758054734
-1302.6717899896923     -1302.6178083646773
-1223.1299557628306     -1223.1382268901825
-1246.3033229162636     -1246.4341558746337
-1264.768938820815     -1264.7493223125457
-1267.4746532166585     -1267.439039649582
-1320.2363480901315     -1320.228612992096
-1255.620443666981     -1255.7038986175537
-1251.6589426360906     -1251.5959570880889
-1236.0570035967555     -1236.076597701645
-1307.8077705260266     -1308.0035767530442
-1320.242280049667     -1320.2831533096314
-1230.4200026837693     -1230.5254489955903
-1235.8987420195517     -1235.836444367981
-1328.4192827694965     -1328.3667321144103
-1268.852231217428     -1268.7932229530334
-1268.0356149567417     -1268.043557491684
-1206.5952781970418     -1206.595532803917
-1242.8490081246596     -1242.8411805046082
-1281.9837469346623     -1281.997609764862
-1316.1245703984976     -1316.1088837165833
-1266.9356693123632     -1266.975358982277
-1255.1216340428875     -1255.8136829986572
-1284.12779755789     -1284.252060180664
-1327.7438332118031     -1327.7389026849746
-1294.3076686735278     -1294.3480007659912
-1216.8012988560947     -1216.5723643732072
-1243.4573179084498     -1243.4598612356185
-1186.9575593070101     -1186.9081495704652
-1278.739257667364     -1278.8908349351882
-1294.2934314204192     -1295.0144482589722
-1266.520015381771     -1266.3467378385544
-1266.8136080757963     -1266.794320315361
-1258.2592552063047     -1258.1943678590774
-1301.0602591995937     -1300.9519535369873
-1342.018205008093     -1341.9981168315887
-1211.771308462825     -1211.7987670650482
-1285.961188254301     -1285.9191465639115
-1235.7249712845107     -1235.777329701233
-1263.4932348188977     -1263.4383314218521
-1229.0494530459437     -1229.0924461364746
-1264.7467775996827     -1264.9102162492752
-1253.6367233148987     -1253.677110043335
-1284.1145709273053     -1283.7889073228837
-1276.1777118863577     -1276.4060836301803
-1328.53849147685     -1328.6001998607635
-1210.888071494682     -1210.7823818572997
-1273.3484181509227     -1273.3921153085707
-1290.7776696849144     -1290.8218812690734
-1176.9584298339612     -1176.941170445633
-1257.984947220327     -1257.972248017502
-1270.7867305422235     -1270.894784543228
-1262.2976807404125     -1262.437076753807
-1276.65337952279     -1276.8327296625137
-1207.4734865480812     -1207.2757033445357
-1239.4191756300152     -1239.4873028491975
-1257.829087774699     -1257.8214704299926
-1289.6116588805558     -1289.6697610452652
-1238.3028162052615     -1238.0106677360534
-1227.3167857701737     -1227.3752178483962
-1112.1522239285432     -1112.1348696897508
-1263.06061401644     -1263.0096621196747
-1239.913873348286     -1240.004644151497
-1270.024985918649     -1270.1746764152526
-1197.5746221663571     -1197.5259178390502
-1253.5823673925154     -1253.8324619800567
-1240.6717257491425     -1240.57089580307
-1289.0757204217743     -1288.9373373617173
-1224.0070487440016     -1224.0282017168045
-1287.2797288818292     -1287.332532502365
-1270.094590174161     -1270.1993075263977
-1288.6798323929665     -1288.7138979963302
-1337.6151807978022     -1337.6507257144929
-1242.9715387286767     -1243.120567679596
-1308.9548749604962     -1308.8975101511
-1276.5874921214372     -1276.628115503502
-1245.2749810440253     -1245.202776253891
-1224.0100866006917     -1224.04940206604
-1281.8533581937809     -1282.2045110984802
-1287.924394883871     -1287.691794852066
-1308.9326988888047     -1308.8996213891983
-1298.542500013557     -1298.6441943592072
-1263.8179588795817     -1264.0549009147644
-1242.5826464536335     -1242.556603202629
-1222.5000733468773     -1222.4431897146226
-1254.2401545979371     -1254.4182425840377
-1312.6784803847534     -1312.6976507595061
-1138.2277421712972     -1138.9388846790314
-1252.0108857695004     -1251.6781194374084
-1245.2398861246825     -1245.112168952179
-1276.99484223075     -1276.997494202423
-1275.8459197712334     -1275.8048206134797
-1269.1971489207099     -1269.3562197792053
-1278.2184393455377     -1278.1490866167069
-1265.1330299178353     -1265.3351029165267
-1234.2217523068437     -1234.19143801651
-1304.2737779859851     -1304.3575565258027
-1312.9184209288853     -1312.9122932994842
-1171.8657503174354     -1171.8376042163848
-1269.3276111965022     -1269.3658083189011
-1192.858850331609     -1193.1759756425856
-1294.8482166351198     -1294.8022688301087
-1289.9309638321024     -1290.157896887207
-1191.0925179699766     -1191.0725667190552
-1253.0367672227405     -1253.512785344696
-1297.201741587683     -1297.1146023571014
-1308.5451236039964     -1308.5181030712129
-1252.3296265657411     -1252.347205978012
-1241.5742278428613     -1241.601707804489
-1180.817828860992     -1180.8713281335831
-1281.5510357621565     -1281.5222293197633
-1320.885912285116     -1320.911862421608
-1307.8805148184408     -1307.893088625908
-1275.1594019914112     -1275.2160490888596
-1203.7870620380893     -1203.930622514534
-1255.5168431987124     -1255.5172299823762
-1279.8518186078595     -1279.6355741743087
-1269.1239379110875     -1269.1775562551497
-1318.0934494382216     -1318.1005729574204
-1190.0246962278584     -1190.051431225586
-1268.2111776709771     -1268.2772891427994
-1190.9697737821928     -1191.1475156715394
-1292.2626859934153     -1292.2422166996002
-1271.8839936326506     -1271.9749467351912
-1274.2792914845104     -1274.2432081668853
-1183.8961057037566     -1183.9444111219407
-1322.0947460701548     -1322.166289724922
-1216.3281934272932     -1216.6926169765472
-1316.6911829090611     -1316.7735718444824
-1244.3784606022755     -1244.4974467926024
-1358.786500454282     -1358.8361203468323
-1274.624846793401     -1274.7687305168151
-1278.7522624815242     -1278.8805426494598
-1300.8820564340863     -1300.9401657909393
-1304.7598360278075     -1304.8310016693115
-1217.009142734466     -1216.983879865837
-1308.5817801645283     -1308.5927001506805
-1316.7434989306184     -1316.6487448919297
-1330.1077905915402     -1330.1391164978027
-1277.359290841018     -1277.5489671873092
-1299.3804924152394     -1299.3369443601607
-1253.7321690158599     -1253.6049760749818
-1259.3568811212363     -1259.357572082901
-1266.6622054298052     -1266.8453419027328
-1245.1032394417657     -1245.227319396782
-1229.510893449894     -1229.4203038194655
-1281.6257207188437     -1281.8097975423814
-1321.6328183731298     -1321.604964295578
-1292.5755458486735     -1292.7241947637558
-1281.2735758721128     -1281.4610913831712
-1265.2812919895277     -1265.0683831701278
-1263.7674892849643     -1263.720621549225
-1253.2556119318979     -1253.2658584554672
-1285.6902330075281     -1285.720954087448
-1199.7684245251223     -1199.7146559690475
-1230.5509637197315     -1230.4433746145248
-1273.1676165829692     -1273.3120641973496
-1288.079884026104     -1288.7498770122527
-1198.9105711458044     -1198.9634950473785
-1306.756576551044     -1306.6888032274246
-1174.3295815200815     -1175.2958122211455
-1317.4503777760783     -1317.6102379091262
-1260.6239871090831     -1260.6483302751542
-1186.8250676333407     -1187.402179285431
-1271.9674880499315     -1271.9652702272415
-1271.2917254576162     -1271.5213824171067
-1202.8066513928181     -1202.661504512787
-1247.2085267248635     -1247.23581057415
-1299.9256108199947     -1299.857980329132
-1290.3763913134756     -1290.4941995225906
-1276.492808744841     -1276.595655217743
-1227.8885229156517     -1228.5195088975906
-1275.7556474439602     -1275.728376200676
-1263.0752643378646     -1263.2642422470092
-1195.9971993516183     -1195.951462027359
-1321.4430352954262     -1321.5457616605759
-1290.2674195418729     -1290.4261120939254
-1301.715580664203     -1301.676284141159
-1294.6771591189374     -1294.7132449569701
-1206.5819901272798     -1206.6498971849442
-1279.0259807717084     -1279.0544558877946
-1318.4481803554638     -1318.4189300689698
-1261.8899364001197     -1261.857014086342
-1207.4742544469436     -1207.4994945829392
-1251.5214287345061     -1251.3858888973236
-1309.0737778811945     -1309.0885771989822
-1302.3350181205826     -1302.3088638563156
-1237.0781518601327     -1237.060258718872
-1267.7263372288155     -1267.7678649833679
-1265.666673953166     -1265.6282131391524
-1287.6643049456277     -1287.821723963356
-1223.5787644908116     -1223.5409455574036
-1260.0566420985458     -1260.2246751634598
-1209.621579515943     -1209.63861861763
-1264.1634228275261     -1264.1566801847457
-1257.4931576710887     -1257.664271159935
-1265.8732351585502     -1265.6136983772278
-1258.649239058747     -1258.740298843956
-1243.496258276197     -1243.384472441864
-1339.9284924847086     -1339.9926165748595
-1295.9814104342538     -1296.0999765144347
-1192.965570593852     -1193.0024142772675
-1293.9662976244965     -1294.0891981624602
-1190.3882023266842     -1190.2954551624298
-1289.2078421625833     -1289.194116695404
-1233.753101086577     -1233.721951444435
-1356.6194918678636     -1356.5131426610947
-1224.334899064395     -1224.4803585428238
-1334.0883505451106     -1334.2694899320602
-1226.4256925036432     -1226.396571021652
-1267.2331266839944     -1267.3018091732024
-1212.0635556026407     -1212.1601406528473
-1233.0142852874403     -1232.9920788402558
-1234.5594362215954     -1234.6125420488358
-1277.4022927297387     -1277.4125284252166
-1223.3028903025888     -1223.292259303093
-1206.6479195797363     -1206.6165572166442
-1244.0601001202112     -1244.0733518396378
-1258.4374479479043     -1258.4983861452104
-1254.0350004223938     -1253.8421384880066
-1298.9874551434427     -1299.0567654708861
-1312.508070723733     -1312.5634991720199
-1273.9391692041286     -1273.9749049919128
-1283.8413783435121     -1283.9031780849457
-1307.2746448439673     -1307.2092234186173
-1314.5864657325078     -1314.5538688890456
-1204.521333146498     -1206.157714803314
-1271.1309397679975     -1271.1497165435792
-1243.8640736348573     -1243.7849039344787
-1231.1808436348265     -1231.2240928695678
-1265.5295593342867     -1265.4638884405135
-1193.2621902748647     -1194.0844238025666
-1238.4746676658738     -1238.3128386888504
-1214.8164372606468     -1215.1017111013412
-1301.037467513311     -1301.115222616577
-1271.1076815190984     -1271.0590212736129
-1278.3748268113648     -1278.3990923948288
-1269.3182156229718     -1267.5894653640746
-1258.4480769793886     -1258.4166636371613
-1251.8146047671573     -1251.7383776914596
-1126.2164146545226     -1126.3654061855316
-1249.7850389384091     -1249.7890891490936
-1293.4719283381482     -1293.5496008918763
-1263.8650133340968     -1263.8338366922378
-1219.086058585579     -1219.123179837036
-1241.944721073283     -1241.9103884080887
-1323.669966995772     -1323.510884488678
-1221.7587288015043     -1221.7691769517899
-1240.7371415108992     -1240.7711115493773
-1301.4638057426037     -1301.368131347084
-1311.0206809605604     -1310.9494576459886
-1327.040709849192     -1327.0913683666229
-1269.9383120554005     -1269.7306126686096
-1282.8191259309574     -1282.7382144960404
-1302.3109675562073     -1302.337893380165
-1285.3469466659235     -1285.3888739282609
-1194.4266551488697     -1194.3451617076873
-1254.033512480766     -1254.085634615326
-1282.8820219037966     -1282.9807429725647
-1219.1615949753357     -1219.4159381866455
-1302.1902106958637     -1302.2479018562317
-1261.2639652616622     -1261.1302203710557
-1316.3616014533268     -1316.313497875595
-1256.9341338002898     -1256.954631254196
-1157.3296634146589     -1157.3113184503554
-1305.8851791208856     -1305.898760337448
-1237.994407123924     -1238.030900434494
-1258.1847114160694     -1258.1541663669586
-1228.7829103770737     -1228.798544199562
-1304.6987623706254     -1305.1872730983735
-1266.2643840603816     -1266.198687266922
-1254.1817155208284     -1254.2014888059616
-1265.3077945870782     -1265.3242828212738
-1285.9439538372415     -1285.9076227226258
-1262.60514056043     -1262.7808566907881
-1345.6446699460275     -1345.3738106140136
-1221.0355009074958     -1221.0622640619279
-1285.9755853844285     -1286.02409269104
-1237.042742199312     -1237.7634769420624
-1306.1983123543682     -1306.2377899887085
-1314.3873755815994     -1314.4314170793534
-1278.534763105854     -1278.584529474449
-1274.5010154687825     -1274.3090963891982
-1226.1653360856526     -1226.1843915927886
-1261.9313159419103     -1261.9770027849197
-1304.6889650123899     -1304.6697558595656
-1195.527023493251     -1195.565633264923
-1271.23482490495     -1271.2424350833892
-1273.1765142027457     -1274.1408131191254
-1269.522755429288     -1269.5907431446076
-1292.4354227877964     -1292.646518795395
-1237.1523991108822     -1237.122188369751
-1328.5786238425621     -1328.704090368843
-1226.8986521193299     -1226.9454049589158
-1346.8999257367802     -1347.02022445755
-1287.5472284893035     -1287.5479667566299
-1294.3878476676555     -1294.41380102005
-1331.9690044505314     -1331.9454566272736
-1248.3090269259628     -1248.3154449565886
-1210.7206164378622     -1210.7164056667327
-1275.1506557770106     -1275.1325672157288
-1275.9407080426315     -1276.7550536941528
-1267.0106694296446     -1267.0455576490401
-1147.0874565705437     -1147.1438596744538
-1198.019874504817     -1199.0077430791855
-1314.5361389718905     -1314.585625428772
-1219.3001501914596     -1219.2978847896575
-1197.1576509182983     -1197.0795669178008
-1252.6166755491436     -1252.489010803604
-1280.4297149194551     -1280.5399757946013
-1319.6287192215445     -1319.7002756580353
-1253.0000639023058     -1252.9383526454926
-1179.1067157956695     -1179.1891112106323
-1270.5198355819032     -1270.5229427331924
-1282.0237635841663     -1281.9116647806168
-1304.7671633312211     -1304.7500708755492
-1265.4602365783683     -1265.2665756465913
-1161.953220534312     -1161.8873390598296
-1239.0906717776625     -1239.0497487533569
-1254.6304406373424     -1254.6220650287628
-1224.6850116082555     -1224.6875237812042
-1263.2388627418552     -1263.23952316761
-1306.3221329200735     -1306.292330306244
-1249.5547281109618     -1249.5113733709336
-1303.354764528547     -1303.360524333954
-1285.8036839958932     -1285.8024126907349
-1260.6979880262777     -1260.8270817674636
-1258.3598353069135     -1259.0004209712981
-1298.2706005725986     -1298.3185358825683
-1247.3744806362138     -1247.4206318759918
-1212.6447964989702     -1212.7840994791031
-1231.1285465759481     -1231.1079747741699
-1233.1213845667749     -1233.1988922056198
-1254.6656307920505     -1254.6236484573365
-1254.0278644006914     -1254.114400234413
-1240.55781775273     -1240.52937478714
-1285.8495615145223     -1285.7181391033173
-1290.8243326925235     -1291.004679301071
-1261.569618881207     -1261.5815854827881
-1326.419991843086     -1326.4666178260802
-1324.2620072558998     -1324.4226754423141
-1275.4288686224745     -1275.4307795970917
-1290.7479469488715     -1290.8200339357377
-1323.7404439091908     -1323.6444202983855
-1299.1833604813396     -1299.270264423561
-1267.9776130429666     -1268.0064348884582
-1299.6440001373353     -1299.747668138504
-1301.9827905899335     -1301.9180209033966
-1251.6737314406237     -1251.694481532669
-1276.1045241569905     -1276.091597121811
-1240.1250791025989     -1240.0891816436767
-1295.1853772722864     -1295.3365880054473
-1251.4688115053268     -1251.8453470884324
-1278.8454858076698     -1279.193709634018
-1296.0067055613474     -1296.1558363557815
-1245.6050849974677     -1245.7853020324708
-1244.617196490558     -1244.9033323169708
-1217.999898151738     -1217.8340050733566
-1303.9675692717522     -1303.944457604599
-1299.0087507329133     -1299.0046002962113
-1208.6308798367957     -1208.653110267067
-1270.28894460196     -1270.2450510185242
-1255.1192215860676     -1255.128234362793
-1233.4066070760298     -1233.3714859201432
-1283.50605103952     -1283.5595740844726
-1283.032652705096     -1282.9936743059159
-1283.8714030824638     -1283.884792719841
-1324.259313079834     -1324.4439637598039
-1271.8242011998468     -1271.791620893669
-1253.437162902092     -1253.3842637254716
-1204.356047801863     -1204.4246522294998
-1211.102031773251     -1211.1493854133605
-1278.8082753310407     -1278.8278496652604
-1181.6003982430682     -1181.5677728012085
-1307.0138487124893     -1306.9045013864518
-1255.4805839756864     -1255.5198690299987
-1349.6027979753808     -1349.4697004926682
-1279.8735263169813     -1279.8675464603423
-1230.3891874019012     -1230.4291237573623
-1245.2202180115553     -1245.3155515556334
-1205.7165125963074     -1205.6551521677018
-1184.7233830991706     -1184.771752551651
-1203.8414325582776     -1204.2292747371673
-1219.321103661488     -1219.3343916151046
-1313.3268757492417     -1313.3534540937424
-1308.0271910148158     -1308.0174757371901
-1251.358080791457     -1251.3287095321655
-1250.4636193660915     -1251.1235675636292
-1308.3341325149488     -1308.3055717693328
-1252.7620633784702     -1252.7207191848754
-1319.4813536394643     -1319.6452954992294
-1308.8464460409607     -1308.8404187541962
-1303.1208625405438     -1303.18942607975
-1258.8307362540647     -1259.013176368141
-1335.1543154982342     -1334.8857955202102
-1259.391565050723     -1259.4575040195466
-1324.876295720106     -1324.9493413795471
-1241.621005314038     -1241.6728741220475
-1293.8627462612562     -1293.8784262256622
-1241.7358439586526     -1241.7715745031358
-1225.1255884836926     -1225.1792663215638
-1222.5441998191777     -1222.5007209527969
-1254.7588779550379     -1254.7861258226394
-1258.1098413416419     -1258.1082469383239
-1324.8052310158582     -1324.7985637920378
-1295.1924220181497     -1295.1617950845718
-1290.4168514734115     -1290.4549656812667
-1333.6047381317233     -1333.5931899946213
-1283.3674715194265     -1283.5407488780975
-1245.4096243164909     -1245.4297343494416
-1212.7664800526268     -1212.6919087488175
-1265.1849353162193     -1265.1913627893448
-1230.0620585703136     -1230.189498233223
-1279.779985834891     -1279.7084118886949
-1285.0315504878035     -1285.0218703722
-1293.6904474008836     -1293.6294760665894
-1292.5133455102614     -1292.512895017433
-1315.981033202256     -1315.9903904783248
-1299.2075574851856     -1299.3437179157256
-1235.3746290041747     -1235.4924884944915
-1308.925954601861     -1309.0850584688187
-1258.3444077440054     -1258.4917885261536
-1297.5252275498856     -1297.639069087982
-1265.059585898421     -1265.0739251701355
-1216.065817780865     -1215.96687888031
-1186.7277179460316     -1186.8651330942155
-1266.6260443927235     -1266.6194394262313
-1248.5781302371443     -1248.4758990520477
-1254.881223066928     -1254.9163188386917
-1262.9805959304645     -1262.9082347227097
-1296.365742409463     -1296.2442444511414
-1263.22759905848     -1263.4468643424987
-1275.1749887434883     -1275.2566024539947
-1340.9766099865114     -1340.9959824810028
-1297.1770572987523     -1297.411495214653
-1325.6884491632152     -1325.50354138031
-1268.7619070258072     -1268.5972296829223
-1203.3131148058358     -1203.1866749897004
-1171.1205398746315     -1171.1445023424149
-1268.4174313660856     -1268.4128482223512
-1295.846176185889     -1295.816630768013
-1257.0505889823467     -1256.975039889145
-1303.5687055210576     -1304.0706040809632
-1222.700420120426     -1222.698649524498
-1304.7798469774764     -1304.679872208786
-1222.4525500821405     -1222.6255479053498
-1285.457257117086     -1285.4552019918442
-1269.8798955378095     -1269.8929140974044
-1217.5319812624305     -1217.6371321207046
-1147.748411225218     -1148.2744276760102
-1325.0313086319388     -1324.98382493515
-1245.7500328269523     -1245.68827304821
-1212.5583420905416     -1212.6503877328873
-1227.5169639167666     -1227.6078059122085
-1205.5519342666605     -1205.825810580635
-1356.5039807635671     -1356.484816883278
-1333.5993175126969     -1333.6456190740585
-1328.2353016156085     -1328.2672400190354
-1276.3589406590831     -1276.4537624238967
-1258.0045710296088     -1258.0419188747405
-1203.5555078432792     -1203.6181592760086
-1213.8071332013212     -1214.0255954490663
-1216.6083578102284     -1216.6978950717926
-1267.4877224152958     -1267.5022008560181
-1206.237130240797     -1206.2182369621278
-1312.2377832408267     -1312.2044127588272
-1257.0398083262621     -1256.9493531589508
-1209.0563250961263     -1209.154353378868
-1251.937942595422     -1252.0154776918412
-1223.242506879047     -1223.1853778743744
-1188.4186278056266     -1188.3716774137497
-1302.3872766231098     -1302.444071062851
-1252.57595939165     -1252.6260653434754
-1288.0943381244535     -1288.0621412017822
-1291.8567024468498     -1291.7846058418274
-1297.2938185738653     -1297.3059333097458
-1291.813237831836     -1291.8217284450532
-1192.9099448991328     -1192.939956816864
-1253.059638316343     -1253.1734038204193
-1291.9567722264542     -1291.8768845403672
-1346.686755941275     -1346.8363708065033
-1268.0520713237622     -1268.052354317093
-1194.2839436612267     -1194.4819523427964
-1280.6477133477133     -1280.474615381813
-1281.3213865104924     -1281.62348078022
-1210.5983797735967     -1210.5634288728713
-1211.0950177589255     -1211.1175409053803
-1254.383064944059     -1254.4522862983704
-1209.8823049455941     -1209.9977929990769
-1266.3861697841203     -1266.339524441719
-1230.6300193324842     -1230.6006618528365
-1330.674245300977     -1330.8834158956527
-1271.1521233942597     -1271.1953720674514
-1278.0835517975747     -1278.168791505623
-1315.3596384992911     -1315.3355547948838
-1309.6103503528834     -1309.6186738981246
-1280.9198104356726     -1281.0961110969542
-1244.7417541767181     -1244.7050518722533
-1293.8504928364837     -1293.910622606659
-1198.1378259769426     -1198.1630719034194
-1250.1707536192293     -1250.0773611177444
-1303.5020484676877     -1303.5168439214706
-1236.1751418656552     -1236.1243644636154
-1293.1370230742018     -1293.2913260978698
-1246.097809016607     -1246.006278286743
-1354.4057282078468     -1354.4634823408126
-1290.6211311567097     -1290.6114612052918
-1245.5150199241273     -1245.5418938734053
-1219.9386279216608     -1219.7723855522156
-1324.4470756803116     -1324.4990318868636
-1274.9774194748275     -1275.018648326683
-1266.4078181375905     -1266.5180999975205
-1297.702357928886     -1297.66053334198
-1221.7968414439717     -1221.7170117771147
-1295.9213307940267     -1296.0426212127686
-1253.2496915446109     -1253.277558233261
-1290.1130495643124     -1290.1847272047044
-1328.7593799517638     -1328.8352510356904
-1282.9723431883551     -1282.9470511312484
-1270.5897090919625     -1270.5650795269012
-1241.7152039041962     -1241.8469632968902
-1318.7314539914007     -1318.906538101387
-1302.6777452771375     -1302.6359298250197
-1250.472286085283     -1250.4707551500321
-1280.083340014644     -1280.295512016487
-1274.9704702489712     -1275.1016023902894
-1318.017697554455     -1318.1301302907943
-1241.3896116594854     -1241.3392105342864
-1314.6849208783503     -1314.654592539978
-1210.0064266893867     -1209.8713826179505
-1279.3100163617614     -1279.257838491249
-1268.3868540487138     -1268.6881888576506
-1154.382150722613     -1154.308258192253
-1260.1145451702723     -1260.2607421476364
-1304.8071741887866     -1304.6853262405396
-1263.2562134202242     -1263.0853148181916
-1255.6988486570483     -1255.7669718557358
-1226.6229546529655     -1226.5671414663316
-1240.3667494482474     -1240.3391874217987
-1258.883067365666     -1258.8507869710922
-1302.08051581442     -1302.1254500465393
-1232.766818296488     -1232.8306570940017
-1238.8936269139565     -1238.8474217689513
-1194.182907914859     -1194.1553262153625
-1210.4203021864112     -1210.4446717298508
-1244.0442088802045     -1243.9972592998504
-1312.6898704067787     -1312.7324861881257
-1248.879583184518     -1249.5243926725389
-1222.275200830446     -1222.5002811115264
-1239.9018822999865     -1240.7429617080688
-1307.751116323466     -1307.7270925304413
-1224.9216022950625     -1225.0085199403763
-1304.9313547949218     -1304.8558966852188
-1227.3868412203935     -1227.2791565149307
-1273.5047229588704     -1273.4696153404236
-1268.91863634912     -1269.186529017067
-1254.5392870181518     -1254.4971501079558
-1251.8184799084759     -1251.8347908979415
-1292.2359311401067     -1292.3358149219512
-1305.8141696665898     -1305.8057778928755
-1236.1479921134203     -1236.1262117969513
-1208.935638825679     -1208.7572646799088
-1308.5764302518232     -1308.6360684999465
-1235.5869221602036     -1235.5998097644806
-1311.2963476447362     -1311.251276725769
-1294.463589917239     -1294.532910036087
-1275.2740085960154     -1275.3465060096742
-1320.1535498705703     -1320.160701499939
-1247.3353410729821     -1247.3782311775208
-1324.2803325214172     -1324.2520170293808
-1263.0497454313836     -1262.8950394845963
-1296.6166295452306     -1296.4434045783996
-1285.5633450217706     -1285.5575970396042
-1318.3308394693888     -1318.1952267988204
-1289.4679029904667     -1289.3709328861237
-1244.7163820009134     -1244.7591523485185
-1310.211389056347     -1310.1010038352965
-1282.3975438424823     -1282.57644087677
-1279.5855029983281     -1279.5732046821595
-1355.7037117418454     -1355.6537807868958
-1268.597537461123     -1268.7095651433945
-1290.2004715705266     -1290.2034644428254
-1255.4117968988455     -1255.381231061554
-1272.6730178713258     -1272.8590276887894
-1256.4570547206322     -1256.589299094963
-1238.7320006514828     -1238.6989313560487
-1286.8790583688676     -1286.8909318668366
-1251.6664159846132     -1251.6146063579558
-1255.9759748632669     -1255.9953374433517
-1222.2866495817666     -1222.3421141906738
-1285.8915960097722     -1285.9763259290694
-1236.1470526211854     -1236.1365040826797
-1268.0097395258422     -1268.0534099361419
-1260.0548327675772     -1259.9722062742233
-1313.3401079854277     -1313.427963204956
-1242.694907220445     -1242.5794749486922
-1265.7150943442864     -1265.4710138690948
-1224.9321700417474     -1224.755259336853
-1201.9039362104966     -1201.6363224796296
-1299.2345867508477     -1299.2860987092972
-1285.9466129322332     -1285.872347452736
-1269.5470647354166     -1269.4058338745117
-1259.6096707260433     -1259.7521097024917
-1233.922516991101     -1233.8898828414917
-1352.2277638276382     -1352.2948009727477
-1216.8721478972593     -1216.6084313573838
-1339.5694396157899     -1339.5344779075622
-1158.5662095398504     -1158.4337933725358
-1296.0278700512204     -1295.9695195936204
-1302.6764380992195     -1302.64991677742
-1308.2936501165916     -1308.2654582454682
-1216.6926901860054     -1216.7096828178405
-1294.486948972505     -1294.4952596233368
-1303.3346986456713     -1303.3274482704162
-1232.7304613669871     -1232.8149107765198
-1219.530295034132     -1219.4910630756378
-1276.161022924167     -1276.0608082328797
-1312.8985407548641     -1312.9400912677766
-1334.5756079699065     -1334.597259646797
-1233.4378306945869     -1233.4584865234374
-1268.0667362312208     -1268.1315257457734
-1225.2781822371953     -1225.268202226448
-1293.0063562320295     -1292.9937294942856
-1248.766405266621     -1248.843342449379
-1319.9250903535712     -1319.9258262615203
-1354.1816993449718     -1354.100613292694
-1299.9301308936467     -1300.012452583313
-1286.0295330548024     -1286.07529021492
-1323.453746099143     -1323.4890683616638
-1277.5954164444213     -1277.5843304254531
-1250.8185353170365     -1250.8462036584854
-1282.0024091940609     -1282.0209213521957
-1228.0564489618844     -1228.0310211826325
-1327.2609365106923     -1327.2643139541626
-1259.830043111057     -1259.837175004196
-1243.891239376863     -1243.8173642202378
-1262.7081537898903     -1262.7542902780533
-1284.957102194319     -1284.9423470705033
-1328.4407276883792     -1328.44115325737
-1248.4712022421415     -1248.3848519090652
-1315.3714730037414     -1315.51316269989
-1244.3307116463388     -1244.3801851099015
-1212.908135763897     -1212.9242329078675
-1246.3838731926282     -1246.7153903829574
-1260.219978422762     -1260.2187812904358
-1297.1221978649535     -1297.129908833313
-1243.2594086068682     -1243.5019980293273
-1238.0510860258858     -1238.309583863449
-1273.1142221359198     -1273.0091015302658
-1274.3817115516035     -1274.5196923894882
-1332.346414498235     -1332.3508143421172
-1264.6740283608392     -1264.6538767568588
-1325.9726132850917     -1325.99765906353
-1270.6307406006677     -1270.7187600667953
-1214.3353273496064     -1214.3377947828292
-1241.0035815518338     -1240.9825872322083
-1283.225952435667     -1283.1483224966048
-1242.4503044373926     -1242.3708142499925
-1253.0915350845726     -1253.1726121061324
-1220.589940250062     -1220.4289806007384
-1286.6749187929233     -1287.0451402162553
-1243.3854426367254     -1243.343127362442
-1278.1933951499373     -1278.0826705848694
-1291.5784748177425     -1291.5172703176497
-1266.9367019627866     -1267.2302909826278
-1284.0264423352069     -1284.0968841804504
-1207.3888072453294     -1207.418651757431
-1277.1840164199846     -1277.1762456947326
-1307.3053548896053     -1307.3446065616608
-1252.7687118174617     -1252.823730010414
-1228.886768481342     -1228.9636606124877
-1186.8090610284703     -1187.5691430316924
-1233.8625102134151     -1233.841940143013
-1260.8923380053081     -1260.9531402755738
-1345.5805364737398     -1345.4137482013703
-1238.2618172276905     -1238.2943653554917
-1303.5612571961717     -1303.6026129692077
-1314.2761938523684     -1314.404410825348
-1239.0518037368433     -1238.7594535148621
-1270.7514297644807     -1270.735298098564
-1298.341674404238     -1298.194324707794
-1264.556339787031     -1264.5335361852647
-1306.3504549207255     -1306.2523927188872
-1259.669592789148     -1259.739706178665
-1314.3208107394646     -1314.1463119678497
-1220.1712296573317     -1220.1582143146516
-1234.42809523393     -1234.5332826519011
-1309.4008936573964     -1309.3537135168076
-1217.66373414881     -1217.6727592636107
-1266.4239182516374     -1266.5221465372085
-1255.763948684717     -1255.9658680782318
-1176.3244407319144     -1176.2341695875168
-1269.0580384193515     -1269.0374228263854
-1340.629817699874     -1340.3782694007873
-1282.2849234659138     -1282.307609892273
-1320.1520725300538     -1320.2066209285736
-1267.2593686376808     -1267.273659331894
-1239.5678155467713     -1239.3285201505662
-1288.1681188382684     -1288.2039460273743
-1310.4191320740624     -1310.5033706295014
-1296.158680424731     -1296.232016863823
-1271.0061275158384     -1271.1770746706009
-1311.0160905698126     -1310.4311486928939
-1246.3981290836095     -1246.5376945096968
-1255.2265978375403     -1255.3455159503937
-1300.8775709459164     -1301.139677791214
-1236.117348033844     -1236.029358749199
-1228.1369456712544     -1228.1904196590424
-1256.2249303924543     -1256.9729286510467
-1261.0831207265414     -1261.1596897361756
-1299.7169926625613     -1299.934688646698
-1297.2483256730063     -1297.2586943572999
-1295.4066778568636     -1295.4251720373154
-1279.9829214655933     -1279.9821690954209
-1260.2652636993678     -1260.3081570365905
-1249.5803557148965     -1249.5060952756883
-1270.0528074390063     -1270.0761519706725
-1257.17571110232     -1257.08033788929
-1160.038906435473     -1160.114690771675
-1314.1621635336887     -1314.0951144439698
-1283.4961796029133     -1283.3569831953048
-1296.0805269046948     -1296.3760208957672
-1280.857736480711     -1281.0764941762925
-1259.742675207165     -1259.9175779884338
-1223.740407866359     -1223.7325404148103
-1253.4240129999778     -1253.4267523921967
-1331.181383182225     -1331.1617474515915
-1248.5665660747318     -1248.6047725442886
-1319.2044705718852     -1319.2798753717423
-1332.2345418938837     -1332.186049802208
-1214.155550633302     -1214.4820627195359
-1325.9528297313386     -1326.0255450000764
-1234.8151640041667     -1234.8750393190385
-1230.5404889400468     -1230.5338059797286
-1188.5444888634152     -1188.662500461769
-1253.4020569930544     -1253.3624475984573
-1263.1963058916467     -1263.3308342153548
-1207.7198326040846     -1207.658893059349
-1217.7001205958738     -1217.6713517715455
-1285.068201773105     -1285.0992824357986
-1241.0208988244528     -1241.0262194862366
-1213.7346071831387     -1213.750958559799
-1268.9774895400176     -1269.0519375883102
-1304.4054377239495     -1304.4600395418167
-1263.3187621437794     -1263.2170032945633
-1308.9779189317146     -1309.002808151245
-1237.5663715548358     -1237.5513854814528
-1252.7332001619814     -1253.2911053443909
-1312.3943375913698     -1312.5219781560897
-1299.638615678028     -1299.619762297058
-1244.5083810172555     -1244.5035166021346
-1231.8503316931638     -1231.8557049339295
-1251.7076099026565     -1251.9367461044312
-1270.234326208651     -1270.271529463005
-1256.3694188830339     -1256.4123069677353
-1235.0237977405297     -1235.0612681129455
-1273.6193732021554     -1273.5148310230254
-1254.4512178085997     -1254.4525502031327
-1275.180119156501     -1274.9962164218903
-1323.0130641852272     -1322.994070995903
-1240.3579485617404     -1240.6090740253449
-1277.4136930187237     -1277.8237800130844
-1315.2897745224705     -1315.1599701597213
-1284.4125845109352     -1284.357182244301
-1299.3378209139846     -1299.375474455452
-1235.224975918308     -1235.1949798591613
-1285.1409908954895     -1285.088814213562
-1217.4348074579623     -1217.4034004695893
-1272.9446964657125     -1273.0145555620193
-1292.4025384460888     -1292.3615016521453
-1243.7476541365456     -1243.8514079345703
-1287.0483403529804     -1286.9993087558746
-1311.5215012866595     -1311.4177126625061
-1192.2133388518737     -1192.125810625267
-1271.6411227428446     -1272.0943196559906
-1316.658241370419     -1316.7280042888642
-1270.9867952478926     -1271.0596370513915
-1317.479680776038     -1316.8908335271835
-1325.734128461849     -1325.7256612218857
-1306.626338417255     -1306.813190338707
-1203.7303057679605     -1203.6516751808167
-1295.2382274733054     -1295.278001148224
-1251.598869580449     -1251.614782294464
-1302.920081332091     -1302.8993947460174
-1275.8273866511095     -1275.718611724472
-1279.8344300866004     -1279.9042292222975
-1268.5387109707558     -1268.5942387622833
-1243.0429944992372     -1243.0227469810486
-1304.198234127967     -1304.0913645889282
-1273.3806045166446     -1273.3163746418
-1243.564829177527     -1243.5711410770416
-1339.6898452390017     -1339.7434904792785
-1298.3793985433877     -1298.3876789302826
-1254.328405352289     -1254.4143719808578
-1279.2256564109816     -1279.1574667133332
-1266.936476721878     -1266.832762442398
-1272.0596687442635     -1272.1094501956939
-1290.4460076074363     -1290.5622869512558
-1303.8038241728261     -1303.8492759536744
-1246.0764185967623     -1246.1622460012436
-1343.6353307079162     -1343.708395627594
-1286.6778829152386     -1286.7380430412293
-1266.5864245689397     -1266.6483809818267
-1257.9749581611213     -1257.9681135095595
-1210.6662398424485     -1210.6773477619172
-1267.0122617495804     -1266.9876745378494
-1220.5070667928003     -1220.4164891086577
-1273.0154507381403     -1273.0387468318938
-1290.1110403301057     -1290.1417107284547
-1269.3495538513414     -1268.835271778488
-1191.9626408655672     -1192.0593066251754
-1293.2118277280251     -1293.2686302883149
-1283.3453332978306     -1283.4198804969787
-1316.9003149988907     -1316.862947590637
-1239.1006508041146     -1238.9813094516753
-1253.7573359671114     -1253.8594682340622
-1215.9669811192844     -1215.4329995462417
-1313.702135782088     -1313.9147795230865
-1277.9453978869008     -1277.9422732513428
-1282.1200309768437     -1282.1000927808761
-1304.1939619165212     -1304.1356126207352
-1260.2126885095215     -1260.3640168779373
-1324.2513349132516     -1324.3393695056916
-1156.6260036095002     -1156.5501291477203
-1260.7442959918208     -1260.8596300214767
-1261.0380886188325     -1261.420163736534
-1247.1949002878741     -1247.2842810821533
-1257.7438770226988     -1257.8116179855347
-1212.5926929651278     -1212.4193830976485
-1245.2935345902042     -1245.271743365097
-1301.8725868310294     -1301.8295248397826
-1293.204555623699     -1293.3011785423278
-1307.197053246613     -1307.3637836410521
-1304.4401671791754     -1304.4085781131744
-1220.3836156108594     -1220.4979477119446
-1260.9660034875917     -1260.930796339035
-1266.8326251512594     -1266.7614201883316
-1273.7510009113544     -1274.4690226751327
-1229.0708818320925     -1229.1580704540252
-1278.233680916732     -1278.249810267639
-1261.0220431685452     -1260.9293888469697
-1241.66703832284     -1241.4294659629822
-1312.3903279028557     -1312.2377527271271
-1311.5171180969107     -1311.6145856151581
-1263.5610726107336     -1263.496390469551
-1304.2500818384615     -1304.2657176685334
-1256.4760492308706     -1256.6618729045867
-1291.436094073975     -1291.488856571579
-1256.449354692009     -1256.4050056026458
-1231.4780416929227     -1231.5186985525131
-1264.779421925756     -1265.0346033605576
-1176.9889537584768     -1176.9739826044083
-1192.120713588368     -1192.0799791648865
-1231.6900187936242     -1231.7077423305511
-1274.6586817187674     -1274.681993818283
-1220.5178732986979     -1220.4434073944092
-1253.4247974183027     -1253.4704726144791
-1273.9849637683226     -1273.786916832924
-1239.8933993699186     -1240.3212418979645
-1301.9685646147293     -1301.9110714113235
-1197.57292936429     -1197.5823934581756
-1212.8556501142843     -1212.9131489078522
-1278.5447919041392     -1278.4255708393098
-1203.8825966363058     -1203.9271917526246
-1294.5103039145804     -1294.2026772102356
-1257.7995350433812     -1257.8928126840592
-1261.0203963779643     -1261.033103418541
-1283.3900212026429     -1283.384605227089
-1273.0194959139321     -1273.0164908636093
-1210.6779203604085     -1210.8622570320128
-1191.6460045866952     -1191.6983728786468
-1277.7103074633146     -1277.4634620443344
-1226.7519854684638     -1226.8760859746933
-1244.4852127172908     -1244.477214094162
-1290.9795847388832     -1291.0632661582947
-1256.7931589708362     -1256.7453547777175
-1258.6148400707439     -1258.7644901138306
-1307.911059188273     -1307.8135653242111
-1220.862858292806     -1220.8511402521133
-1230.2396169467333     -1230.155190614128
-1268.4925138989076     -1268.4477716192246
-1269.706200072072     -1269.719088827324
-1277.86840050559     -1277.90004848938
-1237.5750643325782     -1237.6471829101563
-1250.6265194215644     -1250.5518618803023
-1337.8561141738062     -1338.09487742939
-1237.509236833191     -1237.5191011322022
-1255.8196634197975     -1255.769259030342
-1318.6375359249191     -1318.5975056247712
-1277.8230853333248     -1277.961186425972
-1128.5783435256942     -1127.8008721557617
-1292.2543115912283     -1292.2487263504029
-1300.562882498671     -1300.7343200763703
-1180.0782007507835     -1180.3647189582825
-1292.0290605501582     -1292.0840497787476
-1256.8007235073794     -1256.972224905014
-1304.7326763833564     -1304.659287637329
-1128.7785352908936     -1128.8159378396988
-1296.7230663539774     -1296.7395057216645
-1194.5908246470924     -1194.6929002161025
-1270.1302984359495     -1270.1369380342483
-1274.5618394768605     -1274.6483019769669
-1310.8143776579834     -1310.9482260904313
-1232.4366912912892     -1232.4758811252593
-1237.3354588750808     -1237.8234712913513
-1255.525475076386     -1255.498404776001
-1307.2124426407547     -1307.4677621173857
-1345.4313764762394     -1345.4521023601533
-1226.3988700006735     -1226.1681174657822
-1238.5895827461122     -1238.1212438314437
-1239.7247697137063     -1239.7264885320662
-1294.7182118094627     -1294.743594004631
-1274.887346135585     -1275.9760068359374
-1261.9620377015476     -1261.7766990703583
-1296.4758194261526     -1296.4485067371368
-1288.178594133591     -1288.1343631383895
-1294.3351925316665     -1294.2564258134842
-1295.0405583766917     -1295.1947831798552
-1249.7635534473504     -1249.8855903238295
-1251.773720312793     -1251.9443113742827
-1225.9823052319223     -1227.0273034034728
-1267.7639714659008     -1267.8160715866088
-1312.2898820125085     -1312.3630195209503
-1276.0040912345673     -1276.0064438518525
-1228.5745643051314     -1231.8253558862687
-1293.8121697311146     -1293.91968333683
-1274.2400150807496     -1274.2337075954438
-1249.3954345116165     -1249.42331714859
-1288.889634881924     -1288.8885149806977
-1319.8085001052566     -1319.9025146741867
-1236.8996630412526     -1236.8798358297347
-1226.661021290154     -1226.9165513715743
-1239.7282335590535     -1239.7669539289475
-1196.001613294378     -1196.0374949798584
-1218.9989190498097     -1219.1931145990372
-1288.4130832779351     -1288.5790426628112
-1208.1264831500487     -1208.1434222028731
-1293.8496050184783     -1293.9557503210067
-1241.3898005604017     -1241.424451772499
-1241.5005859168434     -1244.0564619348527
-1256.425637339837     -1256.5000113170624
-1336.3587863048488     -1336.3827513000488
-1284.0772206443728     -1284.1541515138626
-1287.9606811704712     -1288.074720662117
-1323.8330515734474     -1323.8552802034378
-1305.4443452694773     -1305.438774336815
-1286.9512533932032     -1286.9271747875214
-1120.4144493586366     -1121.513341194725
-1303.6000213529903     -1303.6439580486297
-1267.0604614246079     -1266.9717522838591
-1195.4318717392464     -1195.6043392967224
-1305.7463498286997     -1305.6501620513916
-1312.758598206298     -1312.867957299423
-1246.1037509621694     -1246.243352731514
-1253.5815430653954     -1253.5602002336502
-1295.5819133127022     -1295.6194059423447
-1279.8393169227384     -1279.9031736032487
-1258.0467308843101     -1258.0485164937973
-1281.659263276555     -1281.8069825582504
-1279.8197387275131     -1279.756882396698
-1307.0862659800707     -1307.0902023708343
-1267.4716382744691     -1267.4912927925109
-1296.836015129367     -1296.7299171819686
-1258.274721558129     -1258.190057414627
-1221.1342536848097     -1221.1621959985732
-1296.471805786388     -1296.4765686101914
-1185.3084538533467     -1185.3304389333725
-1215.6400007820862     -1215.6973441497803
-1203.6350774786715     -1203.7348931491852
-1263.4310290849776     -1263.4329653583527
-1230.747114205102     -1230.6711244243622
-1267.2136410562714     -1267.2802569509506
-1218.6933097671401     -1218.8778363763809
-1267.595280230045     -1267.6239489196778
-1247.2271501492612     -1247.0818661294936
-1236.9150982147432     -1236.8444725915908
-1292.093497421672     -1292.0065497468947
-1240.762125282904     -1240.7090939302445
-1343.8553148112621     -1343.9372010564805
-1249.3129018296286     -1249.1625792434693
-1280.0104280167589     -1280.1470216035843
-1208.7808275177335     -1208.9009168388366
-1287.0262420829827     -1286.971158914566
-1251.1715846910686     -1251.1525970874786
-1303.4827896288573     -1303.2679817306519
-1320.2569122349457     -1320.2380255952835
-1205.2833980199875     -1205.2207649290085
-1291.0612400064394     -1291.1867735870362
-1358.7716599942103     -1358.5354448543549
-1293.0704939626823     -1292.9405966688155
-1298.4650024589944     -1298.5649349622727
-1213.111650956266     -1213.1643862415312
-1234.3266858354455     -1235.824744590187
-1322.0445739053334     -1321.9939599151612
-1282.3277116108547     -1282.448535035324
-1277.489092401803     -1277.6252356636048
-1275.7338890738363     -1275.7242416927338
-1254.5505278139212     -1254.5285547746657
-1277.1821979258839     -1277.3008967107774
-1240.3544876656883     -1240.4125529457092
-1291.577269700972     -1291.616058666992
-1216.4062540336909     -1216.2920975156783
-1235.8391400427818     -1235.806975002861
-1316.6466367791509     -1316.6375729236602
-1270.074874563629     -1270.1282291770935
-1261.3206158567546     -1261.321639291954
-1287.8141042373297     -1287.7852171379088
-1267.7791754572318     -1267.8266277770997
-1285.0771932409891     -1285.0842398643495
-1231.1276226451648     -1231.1420184885026
-1274.72439818221     -1274.9111511201859
-1326.5109015578137     -1326.4198187149047
-1252.3319906795039     -1252.3335708986283
-1284.8839543895842     -1284.8542908481597
-1215.6522970934132     -1215.5152498638154
-1281.3373422028908     -1281.3159437639235
-1273.9611332089335     -1274.0266303253175
-1244.6728111377977     -1244.5415188879012
-1208.200763664298     -1208.2788053459167
-1305.4056928559291     -1305.5621937973021
-1264.171107888095     -1264.153953168869
-1312.6553258320193     -1312.7283516801833
-1272.493508260768     -1272.4695042596816
-1217.8288676565403     -1218.0306141212463
-1228.6460330478244     -1228.6758284851073
-1271.2256271994286     -1271.3172080993652
-1243.172361033504     -1243.1409763145446
-1265.2123901187488     -1265.2403611068726
-1231.119396006357     -1230.9827959486008
-1305.1770261366469     -1305.1296538919448
-1333.7941481360829     -1333.979810471344
-1258.023974481419     -1258.0277559858323
-1343.2882469497122     -1343.1234067378998
-1246.865450250694     -1246.9331118118287
-1268.4773043318667     -1268.4013243810653
-1290.6726299583618     -1290.6842989196778
-1306.609654865696     -1306.6088400844574
-1190.7428230525636     -1190.8464883060456
-1240.8095775287122     -1240.8106972637177
-1349.698930921451     -1349.7191784612655
-1329.1530545721353     -1329.199263671112
-1260.6645707228643     -1260.6304727195738
-1302.676030049028     -1302.815385063362
-1303.2510663744204     -1303.2451099845887
-1251.3984787174998     -1251.3840415639877
-1279.0328143327915     -1279.2004831895829
-1297.4053823507381     -1297.3698862304686
-1247.36745519353     -1247.4343549236298
-1235.5533330494723     -1235.5631270025253
-1195.9527201393598     -1195.9833945035934
-1267.817617800956     -1267.9367640312194
-1255.9482713258417     -1255.921883951187
-1288.8897123695124     -1288.861420758438
-1270.2598913046086     -1270.2737286693573
-1293.2484678741769     -1293.2133862247467
-1268.101424765709     -1268.0709156187058
-1260.4474564239592     -1260.571533989334
-1265.3688106773616     -1265.4184088531495
-1200.0958546019274     -1200.1160551124572
-1254.0412026616887     -1254.001888837433
-1306.9382351703662     -1306.998451481819
-1258.2809019761928     -1258.1650744304657
-1202.7565410413467     -1202.708919401741
-1282.5817689597598     -1282.6413614482879
-1303.1619812300894     -1303.1080554447174
-1127.8591223699061     -1127.6964538381576
-1318.6551968347171     -1318.6172984819411
-1219.58158779761     -1219.579823044014
-1272.1429665164992     -1272.105579592514
-1272.8630103347127     -1272.9066185142517
-1220.7477419578843     -1220.7724086647033
-1263.5323328035033     -1263.549347358513
-1239.2565782015952     -1239.3734719284057
-1245.7819430266666     -1245.7498508260726
-1290.6666165816741     -1290.635388570404
-1303.7928888593801     -1303.838103985405
-1315.7595351869777     -1315.7593858430862
-1272.9540945527997     -1272.9637978794099
-1245.919381462266     -1246.021936635971
-1257.4444236209881     -1257.481209223175
-1257.2473692116305     -1257.417344270706
-1211.2516947564702     -1211.023678778267
-1302.5938497822635     -1302.6678623012542
-1271.381416356496     -1271.3438624803543
-1265.4970780986243     -1265.5383095834732
-1275.1253027408768     -1274.80690873909
-1244.0541249371875     -1244.152259363556
-1269.5752448011535     -1269.3602663188933
-1293.2560864138097     -1293.2870156534195
-1310.2553746949202     -1310.296381327629
-1274.6599164559716     -1274.5560232784271
-1315.4193535996687     -1315.324206890106
-1270.0298829020398     -1270.286220161438
-1194.9704255132528     -1195.0793447563171
-1171.5831341079227     -1172.2244885978698
-1295.0474464899603     -1295.2076265449523
-1236.7963136562862     -1236.913439702797
-1260.8874557972138     -1261.6767671337127
-1247.506048385663     -1247.4273174633026
-1263.2544404071327     -1263.2133086278916
-1262.0396383416137     -1262.0956719596863
-1250.3223920836986     -1250.3051109275818
-1275.2426434483905     -1275.4011342954636
-1287.9017288129328     -1288.3029103132249
-1236.5373463041317     -1236.6049350357055
-1278.1329249686662     -1278.1912234104157
-1252.9006333451362     -1252.6467378831862
-1291.0709753774722     -1290.9823353645324
-1249.7234945980008     -1249.8425738475798
-1270.9965813521226     -1271.0692255910874
-1302.9098867474956     -1302.956046301651
-1282.7636229025015     -1283.2084927824021
-1329.9981604374289     -1329.9832367515564
-1247.6559113170636     -1247.60580505085
-1303.036827163105     -1303.0378567779542
-1208.0948594427273     -1210.241201158142
-1265.6267377514605     -1265.7866439647673
-1310.3833578728932     -1310.3325362800597
-1230.1099807024202     -1230.1902019792556
-1222.6627049305341     -1222.5922079370498
-1293.8907902331691     -1293.7214908603669
-1254.3563515398248     -1254.2587561393739
-1252.8707696363267     -1253.0462896932602
-1219.4929773951208     -1219.4431203771592
-1198.6228641958705     -1198.5097547927855
-1237.4944741707463     -1237.5512975131987
-1240.7940510211702     -1240.9737904067993
-1279.8549901580318     -1279.9337865556718
-1280.9548273776852     -1281.0013692873001
-1243.7718096233311     -1243.7992427598954
-1239.0705279401423     -1239.0729723724364
-1310.9895008161054     -1311.0252862810135
-1267.9006950797477     -1268.039686888504
-1285.9178223578483     -1285.9519587226866
-1244.5548535367996     -1244.449767998886
-1297.2096479944105     -1297.3224713415145
-1308.4998513936907     -1308.5722035474778
-1284.2034871646035     -1284.432131196785
-1237.4717665879557     -1237.5293934179306
-1210.3419729940554     -1210.1744332532883
-1239.0887748680677     -1239.0801857692718
-1237.168073143674     -1237.1514817983627
-1336.3915716845158     -1336.045305077362
-1302.867456790883     -1302.9106546825408
-1275.9251863523236     -1275.9613161375046
-1277.729008856339     -1277.7154031240464
-1250.8473656937076     -1250.926430706215
-1289.1502402345589     -1289.068058187294
-1284.7740615405426     -1285.5163399284363
-1208.064115797155     -1209.903578998947
-1276.603000565742     -1276.5727834716797
-1259.0925058720024     -1259.2210453525543
-1292.7139847807314     -1292.6143224143982
-1294.3515473840673     -1294.365682385063
-1246.436209230113     -1246.4763806365966
-1258.8124805065042     -1258.849555415535
-1275.534287643128     -1275.586659343338
-1316.0828165997073     -1316.021179367256
-1298.9293161181931     -1298.9977387723923
-1245.6939881150329     -1245.6397145719527
-1291.756969801878     -1291.815658635521
-1273.1994938989922     -1273.3786561656952
-1227.4888334976636     -1227.4894886104585
-1295.980025710963     -1296.027314736557
-1340.138891703623     -1340.191776702118
-1224.1937039499498     -1224.2771518758773
-1322.9016102149862     -1322.881823503685
-1249.4880704490704     -1249.5196423868178
-1141.4360066580884     -1144.4610038612366
-1248.548131529849     -1248.6067078458786
-1281.8460665403693     -1281.7639660820007
-1177.5328421155657     -1177.4587756526946
-1269.517304488709     -1269.5326840969085
-1280.831002097117     -1281.08010087471
-1270.5307731199835     -1270.5188082252503
-1297.9249050762405     -1297.963935850334
-1315.114155753223     -1315.0095444452286
-1268.0512242803927     -1268.6518579687117
-1274.0933857747564     -1274.4884636592865
-1219.5475565248958     -1219.5273059963226
-1333.7556620795567     -1333.7237348836898
-1259.159610951489     -1259.1038716381072
-1340.2392753308281     -1340.2859907022475
-1274.855451780752     -1274.8659354375839
-1266.770553130297     -1266.7888662836074
-1275.590954812828     -1275.63187502594
-1183.0391587294519     -1183.305057851219
-1285.7447361623147     -1285.731510277939
-1196.9352050440098     -1196.9067092985154
-1249.7162228552204     -1249.7165153394699
-1265.6615732262899     -1265.7547994567872
-1276.293170200969     -1276.2375364553452
-1276.2136477411714     -1276.1275761377335
-1298.6722880464072     -1298.9654544231414
-1281.4286015351415     -1281.508330335617
-1278.0077156295436     -1278.0181018863677
-1284.796972983101     -1284.7198753559112
-1241.9055353732942     -1242.0225479320527
-1228.69443604237     -1228.7200765169143
-1305.9556508681512     -1306.2084085918427
-1284.5977373046478     -1284.6107947208404
-1227.5718565439392     -1227.5273149597167
-1322.3925065548713     -1322.4559691856384
-1239.8780091944013     -1239.7689771987914
-1272.949460017007     -1273.1175663875579
-1300.8902338495145     -1300.9461476322174
-1306.1002376826443     -1306.1076849409103
-1290.5741588682629     -1290.537743808365
-1266.9632006196446     -1266.9845956489562
-1298.7757122186397     -1298.8333261054993
-1285.776978754619     -1285.8244927225112
-1211.418607648859     -1211.4596494455338
-1289.5308976648168     -1289.864610728073
-1207.8319200533326     -1207.9264045200348
-1287.96530612159     -1288.0188608207702
-1280.2992609333205     -1280.291553445053
-1118.2460585488582     -1118.0158113803864
-1241.5504110289908     -1241.4235720899583
-1228.9919332028753     -1229.1317679460526
-1276.4992102757137     -1276.4689809318543
-1258.427508181919     -1258.3433860815048
-1236.695059618851     -1236.7552727819443
-1180.1605732534176     -1180.252031624794
-1263.3630934212313     -1263.6643218666077
-1316.0191347341095     -1315.9805380338669
-1191.2609104289427     -1191.320637195587
-1275.9877262525342     -1276.0888701059341
-1253.3880069254458     -1253.2610202014923
-1214.1554734646702     -1214.1553486238479
-1285.7550846263207     -1285.6950034524918
-1273.2484147783257     -1272.8861219110488
-1251.935483092773     -1251.9626087711333
-1313.0382380123517     -1313.0694046012877
-1266.799887818236     -1266.7974871725082
-1315.205932184392     -1314.944008095932
-1273.6448346685072     -1273.7126716264725
-1263.4428540708852     -1263.4828433584214
-1285.6399263058556     -1285.6527786905287
-1271.1965007217207     -1271.4530310836792
-1268.1337353309823     -1268.138299301338
-1304.8735354455232     -1304.9517820821761
-1311.041645459948     -1310.9525365348816
-1191.7459472867947     -1192.0157623394011
-1313.6076881815948     -1313.5493593955994
-1311.153667144524     -1311.1841569478988
-1308.0758342686893     -1308.10781913414
-1187.8156911928243     -1187.9213679210663
-1291.046748614581     -1291.0870175868988
-1172.3113439288295     -1172.4169631378174
-1256.4099414241064     -1256.3941855073929
-1210.7872527037025     -1210.7356707143783
-1246.9902697851337     -1247.079139113617
-1289.5231489650487     -1289.485467552948
-1259.4071792110128     -1259.43542398777
-1281.2283068856143     -1281.1979783351899
-1320.1593479550659     -1320.1102956903458
-1244.6707423942041     -1244.7955712057114
-1299.2503795369612     -1299.1997138837814
-1244.1924173732027     -1244.1247253000258
-1251.5833041540113     -1251.5486301673889
-1284.3075213096572     -1284.1896906885147
-1279.3296111207505     -1279.23699001503
-1247.3647792289444     -1247.2980920980453
-1261.3975314050783     -1261.4659072286606
-1234.4617339381473     -1234.3931492231368
-1246.9229945426212     -1246.9887077484132
-1205.6496390366278     -1205.417110072136
-1269.7729189654726     -1269.7744208591462
-1304.5883780899221     -1304.5687683038711
-1249.279248713587     -1249.3756383548737
-1303.6190861276764     -1303.5244091913223
-1250.1914110783935     -1250.2910360069275
-1262.5955715602588     -1262.658404881096
-1287.9909733513896     -1287.993086122322
-1205.5116716413663     -1205.540441564369
-1338.0908564652887     -1338.2026385406493
-1334.8606276234182     -1334.9274924726485
-1206.887575225473     -1206.9064126138687
-1295.0719677374186     -1295.2287389259338
-1228.4309676097753     -1228.4488703895568
-1248.271496002309     -1248.1958081310272
-1303.612681797249     -1303.6246930009843
-1271.9445959864574     -1271.8811725763321
-1187.22965314284     -1187.5300851268769
-1278.4227123906749     -1278.530253061676
-1260.243496955406     -1260.1428646871566
-1271.5104650210722     -1271.7874863857269
-1251.6665761589015     -1251.675832262802
-1240.047861351118     -1240.1834836120606
-1279.4515286014043     -1279.5051172534943
-1260.282985871565     -1260.4379981796264
-1278.1505024793018     -1278.1316689023972
-1229.1107116377389     -1229.1296567079544
-1184.1264909769704     -1184.0892948364258
-1233.7559180349872     -1233.7854645238876
-1360.4270274402493     -1360.4755846982955
-1244.488362766758     -1244.5545381895065
-1203.716149206915     -1203.8309544826507
-1272.0456226138517     -1272.1933719100953
-1293.3609706785828     -1293.3341666376114
-1240.976338646618     -1240.917578692436
-1329.3986067705284     -1329.5344227191924
-1239.572545099632     -1239.510438500023
-1240.5319315727622     -1240.1943037073136
-1239.314233317519     -1239.3548226585388
-1341.1119205370967     -1341.0598474334718
-1262.4524674583195     -1262.378929737854
-1270.3885708575785     -1270.403393875885
-1330.1620468820101     -1330.1238979898453
-1243.2831269509368     -1243.2943929496764
-1247.1373193160246     -1247.2025585741044
-1257.6668814962009     -1257.5430509057999
-1261.5847776880846     -1261.691721736908
-1284.8627800951708     -1284.7704571020126
-1305.8525303199337     -1305.8006757341384
-1285.9618932608832     -1286.0838231355667
-1273.626231174573     -1273.3855176895142
-1302.0501670927429     -1302.0245504590987
-1276.0986145814077     -1275.9580613121032
-1168.9706242147993     -1169.205418117523
-1290.400174758978     -1290.8724630151748
-1265.761583171416     -1265.817872694969
-1211.3721446964398     -1211.5244820487976
-1269.296311086748     -1269.3060778743743
-1268.8025709658252     -1268.7806434926986
-1304.4514292334543     -1304.4040917322159
-1301.121724783008     -1301.0527651561738
-1263.0088824912075     -1262.938055960846
-1243.624113799245     -1243.6347421247483
-1282.3491540353707     -1282.4130838289261
-1245.9377285246878     -1245.8518060325623
-1262.7488028478176     -1262.8962710401536
-1304.3500640427928     -1304.3484957956314
-1275.0508850749893     -1275.1946728031157
-1282.1387838332912     -1281.7521783359527
-1288.6427225166774     -1288.6174847898483
-1286.1236448970765     -1285.9810762147904
-1266.7656368694797     -1266.632898569107
-1260.3990067593982     -1260.2852852905273
-1297.0438546595578     -1296.9492220394134
-1297.2465055336866     -1297.1827777540207
-1235.4022893888798     -1235.7143444313049
-1211.3362460493854     -1211.4148736042023
-1234.4967472497206     -1234.517272429657
-1261.5203765378405     -1261.3615768793106
-1329.8235946228128     -1329.7441390369415
-1293.0137402714568     -1292.9559911132812
-1277.8805044325195     -1277.8967056957244
-1321.2296904364075     -1321.1437467393876
-1263.9120823349815     -1263.9437090415954
-1207.2008422404701     -1207.2718327413559
-1247.0805399755197     -1247.065328097725
-1307.462332338008     -1307.5734999588012
-1288.9820490785012     -1288.9412959331512
-1296.1023588511064     -1296.212311974907
-1312.1010354335147     -1312.1302555206298
-1306.324530152518     -1306.306141322136
-1252.7435940672608     -1253.1342579473496
-1274.8394466325515     -1274.772601119995
-1179.7546331997876     -1180.081637116623
-1228.5375754769952     -1228.546427183342
-1326.2131537546663     -1326.2659622385024
-1289.6805617481539     -1289.5807371721266
-1178.7894310058878     -1178.7246388290405
-1221.5494103652638     -1221.5243613006592
-1295.5496736325968     -1295.6027799423218
-1253.7344336094973     -1253.89879004364
-1214.6604368924748     -1214.6300253229142
-1283.7499034275072     -1283.8962285928726
-1277.013088179905     -1276.9995174722671
-1157.073755146814     -1157.0753875928879
-1312.8184726393786     -1312.8171996168137
-1301.0975081982597     -1301.12797801342
-1282.8325542877044     -1282.8367389406203
-1323.9692557502417     -1324.1044062990188
-1255.6236966135457     -1255.7459474430084
-1236.005756919527     -1235.881835987091
-1267.5945266518356     -1267.6415425704956
-1297.040808554872     -1297.0832856586455
-1207.3706445380342     -1207.4469775352477
-1242.04524403253     -1241.9545484716416
-1208.627282206581     -1208.2861946792602
-1259.4173330223991     -1259.444044876671
-1260.7996521365067     -1260.7848570055007
-1310.9796126153435     -1310.9617732015608
-1274.3926139025286     -1274.4187928020476
-1226.7086545672641     -1226.6184269584655
-1346.1057097264568     -1346.042545281601
-1211.7113219145838     -1211.7863635412216
-1302.7432596175595     -1302.6402402694703
-1335.7329820640907     -1335.7482362833023
-1272.7088321390206     -1272.7699158473968
-1274.8833716541294     -1274.9415001678467
-1150.3917999918972     -1150.7479190444947
-1213.0874186157387     -1213.087326050949
-1353.5846170969653     -1353.6160841491699
-1282.3489836233002     -1282.2277347175598
-1229.963250413853     -1230.0607127092362
-1252.864781054349     -1252.802969502449
-1313.8774007582003     -1313.8191580308915
-1269.6188929354867     -1269.6769520336152
-1276.484760144809     -1276.6254764558792
-1283.4056765685982     -1283.4342193223954
-1252.0127291773758     -1252.0643000728608
-1307.919486677486     -1307.7525153558731
-1224.2797571630044     -1224.2653641298293
-1327.0069694535052     -1327.0537179538726
-1307.8170864236463     -1307.734657800293
-1250.0313543270083     -1249.9264955619813
-1329.8372989003758     -1329.8653592910766
-1214.4182884566906     -1214.3233679891587
-1209.8967592005324     -1209.9332243005751
-1162.9940468402715     -1162.9787611883164
-1309.9467712052276     -1309.907385708046
-1298.4638401896132     -1298.5736438194274
-1352.344731430704     -1352.1966284011842
-1293.6672873418522     -1293.8320669557572
-1215.6066468176778     -1215.9696058961867
-1280.2183621363401     -1280.2380687465668
-1299.352339962529     -1299.459308201599
-1264.0371271210308     -1264.0274548194884
-1238.0713927017052     -1238.2380656728744
-1257.2676068428982     -1257.2306756355285
-1223.4274791784258     -1223.3489108587264
-1270.2778131115238     -1270.3636322250366
-1193.3848327080445     -1193.4077719921113
-1320.4677523921662     -1320.4987635004043
-1320.5069971339149     -1320.5710734052657
-1264.0919174467863     -1264.0354599306106
-1254.5556818904936     -1254.2646500123979
-1310.6820254976283     -1310.6547639947892
-1290.0073651959183     -1290.0058877441406
-1201.6661243774126     -1201.7329116226197
-1266.1737333418023     -1266.1299840604781
-1332.9991411083672     -1333.0024831684113
-1278.827928257745     -1278.7984682683943
-1268.3306068858283     -1268.448211460495
-1239.5009429832687     -1239.4709407539367
-1337.6697098155994     -1337.7801270162581
-1239.5270735482393     -1239.4658385951996
-1296.4998663064414     -1296.6575193088531
-1259.632864996598     -1259.6365194166183
-1278.313063363486     -1278.5032468076706
-1293.190717565763     -1293.1604293357848
-1309.9474176831197     -1310.0257909780503
-1221.073208969699     -1221.0592731412887
-1220.914669561293     -1220.9536232681273
-1299.0575710613452     -1299.2500317251206
-1272.4665223682632     -1272.5192942914962
-1286.7371733699151     -1286.7480714221954
-1315.3499130856783     -1315.4052256521225
-1315.4948586617795     -1315.8023143510818
-1213.0236309781549     -1213.0269798286438
-1252.5106082018494     -1252.5541073116303
-1291.6753255549063     -1291.681682984543
-1270.012326361419     -1270.107028827858
-1331.782046998623     -1331.6994973888397
-1309.108248393634     -1309.1634381832123
-1246.8115420480262     -1246.7943858751296
-1269.3115631342107     -1269.3624655252456
-1288.1755879626687     -1288.3039659322737
-1266.1344330048212     -1266.056002758789
-1256.9753541823748     -1256.9563026510239
-1213.8971865286314     -1213.9246958616257
-1290.479939866389     -1290.5833993322371
-1227.7418317121287     -1227.6429932138442
-1286.9382685092924     -1286.9516299621582
-1310.3054964573428     -1310.388835962677
-1247.1612738271335     -1247.3091760980606
-1301.1690285394204     -1301.2714542358399
-1351.888709994426     -1351.9665034484863
-1230.6571008952362     -1230.7008576942444
-1274.6632561243105     -1274.6393292150497
-1262.5180223013617     -1262.442002976036
-1259.9196897701538     -1260.2132392904282
-1163.446135059115     -1163.3226290935515
-1247.4946626914154     -1247.4412164474488
-1352.8384416827907     -1352.7845202432632
-1248.583768437059     -1248.6556181951523
-1184.6428062312816     -1184.7261849960328
-1198.4497364241367     -1198.4326066339493
-1253.2503051226176     -1252.990957661438
-1180.3910157556688     -1180.3729879741668
-1190.7333378137425     -1190.6210256708146
-1312.762459039305     -1312.797934569168
-1279.1268366222764     -1278.5893677284241
-1297.2415807709067     -1297.3698862304686
-1273.9104243960373     -1272.436252259636
-1251.512449859446     -1251.4184371513365
-1222.3652993320081     -1222.4191743812562
-1293.7787672823265     -1293.6775947015763
-1288.4695449378685     -1288.4274733610152
-1275.9130395175096     -1275.9022894390107
-1328.3012840010701     -1328.2685595428466
-1256.4538722098002     -1256.6476220474242
-1216.7883647178655     -1216.8333661830902
-1258.1111139325085     -1258.3147084306718
-1242.3093482286904     -1242.350669519806
-1318.2801764528917     -1318.403623592758
-1262.6918581984742     -1262.6097584365843
-1180.6606263164272     -1181.3372080072402
-1255.2510410314783     -1255.2285181724549
-1207.463335325871     -1207.484715916252
-1275.2839226245464     -1275.342635406494
-1255.5973673113726     -1255.293614680481
-1292.4388476824306     -1292.8427759702681
-1205.9825301226492     -1205.9167697553635
-1305.2907137541147     -1305.2296737968445
-1279.7330200116085     -1279.744918714142
-1267.212120980796     -1267.338843808174
-1268.6811839949573     -1268.6242359369278
-1261.2313902719882     -1261.2246103076934
-1260.9760492917999     -1261.7030696416855
-1180.2312746311493     -1180.0893783229828
-1299.1900812918461     -1299.2149323917388
-1300.6516677181257     -1300.682858647728
-1248.2037225468678     -1248.2154250516892
-1302.4862086801402     -1302.3262815706253
-1215.3444078835826     -1216.4045209444046
-1301.5239462619973     -1301.7010911888121
-1302.9853891222679     -1303.161012333679
-1262.0647985077458     -1262.5222300237656
-1313.0664546551404     -1312.9680651725769
-1284.175812446975     -1284.1184364027024
-1186.410720209795     -1186.4912680143357
-1268.55917565858     -1268.6946105401992
-1302.7771665660928     -1302.8186398887633
-1269.5982301895356     -1269.52626241436
-1349.7111269466147     -1349.5165875720977
-1294.0711709921727     -1294.1303673053742
-1333.2610816504464     -1333.3335077085494
-1241.3669399068986     -1241.3364835184098
-1251.5247054763934     -1251.4992799768447
-1226.7901707433332     -1226.852158609581
-1287.2606702134012     -1287.1779722799301
-1252.9454585387002     -1252.8926971216201
-1306.313683291529     -1306.3674551952363
-1326.8061220429302     -1326.8092541757583
-1294.864834272409     -1294.9024646715163
-1331.319567842272     -1331.466469483757
-1310.97633842575     -1311.017017265129
-1170.749893070273     -1170.8231543102265
-1289.7487910526704     -1289.697295108795
-1232.7086554027223     -1232.5619140777587
-1298.0350588001418     -1298.1031895965575
-1303.3409711074667     -1303.311350079918
-1315.9101153822057     -1315.7726690494537
-1239.5448350601605     -1239.4529952301025
-1215.8443752517421     -1215.9068845310212
-1291.1463357088226     -1291.1705874282836
-1286.448847889553     -1286.489884596443
-1281.18114472062     -1280.6681455408095
-1338.1901214416757     -1338.2429280010224
-1247.7244820199285     -1247.6960604795456
-1267.5245253408918     -1267.5321980306626
-1242.6505825556865     -1242.679494853592
-1269.2093586167719     -1269.2751130489348
-1282.4403297210558     -1282.3969856384276
-1260.3741835870044     -1260.2675157032013
-1348.8629892365789     -1348.9253529363632
-1220.5839525026788     -1220.5688501247405
-1219.402916306489     -1219.4476067581177
-1271.595121069108     -1271.6688172109605
-1297.554427926333     -1297.5894549926757
-1262.696347314872     -1262.941046881485
-1200.4897218650856     -1200.6619860973358
-1214.2041283637006     -1214.1782203699113
-1284.944818816388     -1285.058201261139
-1243.1109283092405     -1243.165959298706
-1237.1900494739955     -1237.2011838619233
-1316.274266813434     -1316.3333787010192
-1277.8872157486671     -1277.9341801719665
-1299.2884247340824     -1299.4058235031127
-1267.161993687464     -1267.1628193317413
-1257.3838317522957     -1257.331399286461
-1323.056207326791     -1323.0440369642258
-1317.483997975684     -1317.5635267662049
-1323.0495950647114     -1323.0751777261735
-1247.6081861369737     -1247.6710774953842
-1297.0418520013047     -1297.124982611084
-1270.1156242041325     -1270.1565549549102
-1164.519467628083     -1165.542947826767
-1297.4776798280861     -1297.6490974689484
-1342.5907917707784     -1342.656031403923
-1297.1051064583862     -1297.40454572258
-1287.4593479188536     -1287.6781597726822
-1215.8374068256485     -1215.7593617689133
-1229.7789096569854     -1229.7486893119813
-1258.9711827675483     -1259.3291583368302
-1261.3358134193043     -1261.4139179904937
-1294.1168531072685     -1294.18341216259
-1266.1755364608603     -1265.9916979650498
-1283.4301989594062     -1283.4324599573135
-1245.5896882057618     -1245.6129722227097
-1239.2966342101563     -1239.260344753647
-1342.4604752426828     -1342.4770160068513
-1307.4496233129196     -1307.530923323822
-1259.7950514146876     -1259.9174020519256
-1193.185991198292     -1193.185124341011
-1222.4782580576125     -1222.4906046035767
-1257.0681824975916     -1256.9933372859955
-1221.7326249109537     -1221.6007177452086
-1239.5485438961066     -1239.4570417697905
-1198.8328531088555     -1198.8455296186446
-1259.2175300835404     -1258.9847626220703
-1281.1015628889058     -1281.0995418588639
-1243.441254210514     -1243.545982156372
-1235.9882829196463     -1236.0627866857528
-1209.9552794418967     -1210.0238316022874
-1322.2864220534118     -1322.310821566391
-1276.0949863400754     -1276.0785778202057
-1214.1602731860276     -1214.1596590682984
-1296.2335019538557     -1296.3263188322067
-1311.4159987930084     -1311.4205276466369
-1324.3637326771811     -1324.3259103628159
-1258.1561927895623     -1258.2633349702835
-1303.4705904766215     -1303.4299312864302
-1202.23349490461     -1202.297491877365
-1326.9786730695305     -1327.031374017334
-1223.5961564999036     -1223.6385903194428
-1315.0590873315982     -1314.9928304769517
-1279.1120499865901     -1279.1342430942536
-1297.1455844636905     -1297.0246988014221
-1221.3438191221946     -1221.3199230781554
-1172.8615699475952     -1172.8317334558487
-1236.641056107696     -1236.5840865594864
-1304.0596490439345     -1304.42590785923
-1260.1471191097655     -1260.26232557621
-1294.0505613831137     -1294.0242775909423
-1234.798028648737     -1234.817596049118
-1218.298518282635     -1218.306922407341
-1289.5299552300642     -1289.5806492038726
-1268.1356830811399     -1268.1742783172608
-1202.913733414475     -1202.860488703537
-1231.4898878110696     -1231.6190703304292
-1282.107280955041     -1282.1420536380767
-1275.4838364835668     -1275.4923573749543
-1199.4033683935963     -1199.1322181587218
-1220.4530923694622     -1220.5165969818115
-1263.7971434491476     -1263.524892183876
-1306.744164831051     -1306.9878952913284
-1250.190862771821     -1250.220573435402
-1280.0399065577035     -1280.0638916034698
-1274.6373233636432     -1274.8603934375762
-1279.6712986293153     -1279.8075521110534
-1284.161688333169     -1284.2632321489334
-1289.4029564930754     -1289.40268942585
-1143.5313990406978     -1143.3109069072723
-1279.2296030474874     -1279.1923901102066
-1243.6511311099964     -1243.227888949585
-1227.4687733139856     -1227.444800737381
-1281.612522955995     -1281.6660574151992
-1224.2006255820406     -1224.2365985107422
-1246.0427027660744     -1246.1022516519547
-1265.4318202231732     -1265.4213997737884
-1157.7268349058907     -1157.6726040699004
-1278.0664574623295     -1278.0017397911072
-1240.872028971686     -1240.9699198036194
-1218.5056499670957     -1218.6280945030212
-1278.8711010382908     -1278.9664876337051
-1274.604487833404     -1274.6363382944107
-1265.6695854032198     -1265.9066326633454
-1298.8314959426275     -1298.8491603912353
-1221.8067375481623     -1221.8563534915925
-1217.7431161775173     -1217.5791610412598
-1234.131498693562     -1234.1882711593628
-1225.7397438933995     -1225.6752313381196
-1211.7555168594401     -1211.7824049697876
-1242.261750488724     -1242.3249827896118
-1277.1388737315444     -1277.1133483930587
-1274.30215953358     -1274.2473426748275
-1241.3790115067234     -1241.3794120264054
-1276.184640375192     -1276.3696647729873
-1246.7795067382615     -1246.7004357797623
-1300.747673609802     -1300.8945102670668
-1285.2465104451437     -1285.256217801094
-1242.4751106165618     -1242.5259022819519
-1310.0659634037484     -1310.1087450416564
-1229.8933049274965     -1229.8569782327652
-1193.4138239935812     -1193.6130898971558
-1279.9080499451966     -1279.9610567144393
-1269.7995855520194     -1269.8584305418015
-1256.1621914079772     -1256.2030304912566
-1208.3832165613455     -1208.42773560009
-1251.8224765180623     -1251.873672866249
-1261.04707598066     -1261.0232509740829
-1281.9770587809178     -1281.9711313203811
-1338.116963814209     -1338.001543111801
-1286.474611499779     -1286.4870696123123
-1276.2547206074232     -1276.3720399158478
-1334.7212767351061     -1334.7611445041657
-1283.5266489808075     -1283.602238687706
-1242.9802221008058     -1243.0565267906188
-1290.7271234320954     -1290.68456282444
-1313.8790864666069     -1313.8462522531509
-1273.187654722839     -1273.135511911392
-1233.6056118326394     -1233.6020507141113
-1270.6368610317304     -1270.6280647968292
-1294.77967128241     -1294.883463528633
-1325.421761887786     -1325.4913137929916
-1302.0481152539135     -1302.0432876972197
-1234.068556033657     -1234.0795423973084
-1202.9310065528925     -1203.423661466217
-1275.8333934707482     -1275.8940204231262
-1342.89623543828     -1342.889411182022
-1327.1314922309466     -1327.0269756046296
-1283.946690342107     -1283.894645164299
-1210.9631660975558     -1210.920316079712
-1268.45354988408     -1268.4680922859193
-1259.2106721621303     -1259.2852621780396
-1294.9492221280634     -1294.897098608017
-1311.015183409819     -1311.0303004714965
-1202.3682308948887     -1202.4590895601273
-1264.8328408382147     -1264.7924267570495
-1209.4447238625455     -1209.6803155700684
-1249.591149782562     -1249.6203660377503
-1222.3796625114987     -1222.27728158741
-1268.6099501442632     -1268.7581236196518
-1259.1046670102771     -1259.4434290988922
-1306.6208117134215     -1306.6514167194366
-1279.922157284503     -1280.0340703653335
-1224.9551789155553     -1225.1585937818527
-1251.2201821875653     -1251.1574353414535
-1260.5434468204576     -1260.7184409736633
-1194.4787182448674     -1194.8598639623642
-1246.9174448858353     -1246.9239631134033
-1279.126740971148     -1279.2235308721542
-1281.7932811147648     -1281.7798883359908
-1218.642935573751     -1218.9095929161072
-1289.2067186375311     -1289.3278284416199
-1261.914966439218     -1262.0702491342545
-1278.665517028778     -1278.6472508396148
-1293.8217673913546     -1293.8691895589827
-1268.5721058167373     -1268.5353880002974
-1267.1635382007407     -1267.3371724113465
-1291.0864129305448     -1291.1516742536544
-1267.3846340359532     -1267.4256684749603
-1242.7638718145736     -1242.800627139473
-1237.2319940592622     -1237.5746970687867
-1272.5459724177372     -1272.5881734344482
-1189.399750797545     -1189.4496403993605
-1242.8868746825453     -1242.7766997743606
-1222.8162798783853     -1222.9023840009688
-1311.711022662614     -1311.7121424089432
-1273.9585815048224     -1273.921948102951
-1247.078015274202     -1247.0867043834687
-1280.961175651174     -1280.9870304618835
-1252.9315838369391     -1253.011630201149
-1251.1932957297934     -1251.2204206113815
-1253.3045019058407     -1253.3568176301956
-1246.3295456832668     -1246.3351915887833
-1311.973700549866     -1312.1080875205994
-1206.607308843669     -1206.630104327774
-1319.299887842989     -1319.2838339431762
-1220.7513562566598     -1220.7775987916946
-1217.3389611373323     -1217.343142215538
-1250.559737179243     -1250.6385985788345
-1254.954686185921     -1254.9099851243973
-1343.8001006350205     -1344.0159326438904
-1274.2324992370384     -1274.2486621986388
-1252.2503640667371     -1252.2919619144438
-1295.1420108977197     -1295.1544057512283
-1224.7103520118299     -1224.822291146469
-1263.3991383427494     -1263.3529142471314
-1338.8085312341536     -1338.7913220970154
-1321.6637197861571     -1321.701641406822
-1279.3580783552452     -1279.3697341104507
-1257.0837666021373     -1256.9866516986847
-1216.0096643059314     -1216.038660975647
-1312.226960327897     -1312.2950200605392
-1247.9284400850304     -1247.8522041305541
-1274.6891677176395     -1274.7139262945175
-1226.709826026601     -1226.8338612127304
-1260.9249171200145     -1260.9812901168823
-1293.8884942626619     -1293.9564540670394
-1326.3616612898636     -1326.207287413025
-1276.238951180038     -1276.482528042984
-1290.2943235164976     -1290.6366201259614
-1303.9908341429752     -1303.9610836046218
-1276.2288706229863     -1276.3893696619034
-1331.6968221911363     -1331.7162113571167
-1311.107695348398     -1311.2510128210067
-1277.6847278563     -1277.705286774826
-1226.2977396099127     -1226.2232735610962
-1285.7584322292632     -1285.528743452263
-1273.8876492594648     -1273.8512216266631
-1252.5184614796747     -1252.4676345178605
-1275.197863219199     -1275.262760231781
-1257.3439324539463     -1257.400542334175
-1250.089404015483     -1250.0347844827652
-1282.435624408316     -1282.4598829401016
-1196.5959521044158     -1196.6157103139876
-1313.4735306515092     -1313.5680086654663
-1275.0987933734023     -1275.180949755478
-1312.5498428685485     -1312.5949038387298
-1227.6735948773576     -1227.736327531433
-1162.5024868680662     -1162.3638630922317
-1252.3296920084604     -1252.3662950891494
-1240.6327928470882     -1240.630010469818
-1321.3772211442706     -1321.4114341365814
-1253.6484514003903     -1253.731298487854
-1297.980448729663     -1298.0519920726776
-1194.269093983734     -1194.330031167984
-1305.8881876960736     -1305.9167058612823
-1044.9363379696706     -1045.5355120107652
-1243.7487216503878     -1243.8380367599486
-1245.8817991714257     -1245.8986051437378
-1238.1025677873724     -1238.0745326885224
-1319.6129833491502     -1319.6684311500549
-1238.8673017642811     -1239.0796579597472
-1302.7765491161645     -1302.7359497299194
-1319.7186313911775     -1319.6111638166428
-1260.2659857203623     -1260.243676306343
-1250.9198745417452     -1251.1632412462234
-1236.08723929684     -1236.1429257652283
-1281.814935395004     -1281.8211454471589
-1271.7203823121718     -1271.6631872426985
-1238.6272595102034     -1239.11370167408
-1293.3481005495164     -1293.272676828003
-1261.7783360060314     -1261.7255895147323
-1215.1147438255182     -1215.0893955457686
-1281.385709902702     -1281.1831117002487
-1244.9559683753832     -1245.1119050474167
-1266.9589494715242     -1266.943074633026
-1274.9459181637515     -1274.9239065170289
-1322.1141972228284     -1322.197694391632
-1203.9100932291956     -1203.9146122922898
-1210.800016491641     -1210.729512936592
-1238.3258855360518     -1238.176575863266
-1319.6369348867802     -1319.6480225151063
-1279.805390255404     -1279.8658750635147
-1297.141679396251     -1297.2308963890075
-1247.6812798438093     -1247.6337789556503
-1235.3425964668559     -1235.3384560815812
-1270.852243459576     -1270.9285643527985
-1171.4389023375645     -1171.4808929460526
-1320.8291013694904     -1320.8938289295197
-1250.8796040430561     -1250.7397620710374
-1326.3339480272982     -1326.4025769371033
-1258.3791341522021     -1258.195951287651
-1288.1104956707823     -1288.1321639320374
-1313.954323541507     -1314.0265871740341
-1291.8703300809068     -1291.9247392705918
-1267.409971690909     -1266.592433172226
-1279.7358703999398     -1279.820043603134
-1224.0404783566664     -1223.983425875473
-1225.0822294181587     -1225.1772430517196
-1280.9048787166691     -1280.906803414154
-1259.7487740144627     -1259.7790279882431
-1221.9517772214867     -1222.1412826665878
-1320.3844503102728     -1320.314294071579
-1238.0948178930335     -1238.141036688614
-1248.8339341425185     -1248.8526670843123
-1296.84200536969     -1296.7432003883362
-1224.0259727077892     -1224.1869844154357
-1221.2089986025308     -1221.2843839035033
-1269.3812848763498     -1269.3799712078094
-1316.8785081009419     -1316.8335661937713
-1253.6704306011059     -1253.6783415988923
-1249.9629786613514     -1249.9237685461044
-1300.2062464523733     -1300.4809715045928
-1239.6981282219213     -1239.758772881317
-1254.797843850289     -1254.8483193782806
-1339.5788680720843     -1339.6650227966309
-1287.305449370867     -1287.35716361351
-1263.7575159833923     -1263.651918342781
-1289.6488523206576     -1289.693248569107
-1201.315206337134     -1201.2043983520507
-1200.2162783481588     -1200.2921675571442
-1285.6167513926268     -1285.6553297698974
-1273.7000081704155     -1273.7416131820678
-1161.7804029712502     -1161.86992134552
-1214.9522863378045     -1214.947854624939
-1252.5058711186625     -1253.1105944869994
-1249.779482083166     -1249.798237847519
-1294.481592949119     -1294.5483044805526
-1293.573945491954     -1293.7980232414245
-1288.4039907213964     -1288.318040852928
-1270.0490382470225     -1269.9478942562102
-1260.7697718743486     -1260.7777315769195
-1248.574563096129     -1248.6426868618012
-1266.2900233012697     -1266.4405999656676
-1268.8816615970873     -1268.8444204769135
-1277.4098855635207     -1277.48272709198
-1278.2743213459987     -1278.290979410553
-1227.9643764072066     -1228.0514298175813
-1217.7934880765033     -1218.2289825342177
-1259.3936575968446     -1259.49049211483
-1284.5782785102167     -1284.613257831955
-1246.484052789423     -1246.4909833667755
-1257.673680801602     -1257.5730480804443
-1259.3126214265046     -1259.3347003368378
-1178.9764667328952     -1179.3131464488984
-1203.1925725455537     -1203.2707726406097
-1250.3109010119697     -1250.2479315624237
-1322.773082276415     -1322.8037076940536
-1267.3710079451719     -1267.2724277763366
-1306.9856716486956     -1307.0588856723784
-1341.5715364957791     -1341.645891942215
-1266.046378243262     -1265.9902025047302
-1358.1756882551783     -1358.1598204093932
-1221.9715558151136     -1221.9128291107177
-1318.1499740338093     -1318.2078062591552
-1187.5417109360803     -1187.6047701745986
-1204.2793135563572     -1204.2435255943299
-1285.080440155417     -1285.0667341817855
-1253.8438288525622     -1253.710713916397
-1214.568936579017     -1214.5675678625107
-1283.7783311643332     -1283.88971894207
-1229.7497548457986     -1229.7786864866257
-1297.9701651725495     -1298.1247418188095
-1342.9818520290355     -1343.0595417854308
-1256.3392155228241     -1256.4659676027297
-1298.9354338334533     -1298.9968590898513
-1232.3832978827922     -1232.5400099824906
-1257.1043715033961     -1257.0998668416976
-1258.8597432625645     -1259.0070185903548
-1216.2556150013027     -1216.3501565633774
-1275.5810008989724     -1275.6214068037034
-1246.573782837766     -1246.6505577796936
-1291.7261061825886     -1291.6497505083084
-1260.6630564403263     -1260.588247957611
-1321.3793719295172     -1321.3051684856414
-1295.9730622131067     -1296.2763528638839
-1198.5987385183528     -1198.637044856453
-1280.314163374603     -1280.4138293182373
-1190.714165314238     -1190.810509290123
-1273.3679423474812     -1273.3484830545426
-1229.0417492145975     -1228.938413723564
-1250.9475762855664     -1250.9104204839707
-1230.6173737355027     -1230.6044444877625
-1244.704751523592     -1244.884771015358
-1246.6176353391581     -1246.6473909225463
-1184.808640784998     -1184.8185516628266
-1178.8233225854422     -1178.7390656227112
-1257.3350501531406     -1257.3815411912917
-1288.3876814904716     -1288.3210317735673
-1309.790975852586     -1309.6009043107986
-1277.6446076843413     -1277.2185584249496
-1258.2874025335964     -1258.3269360179902
-1273.1296656042762     -1273.2100210226058
-1238.0320128372693     -1238.0462948789595
-1296.2980844582105     -1296.3052064512253
-1285.7537333881796     -1285.9517827861787
-1260.2302196923542     -1260.2006598300934
-1250.2874700087993     -1250.3536694038391
-1257.2943969204578     -1257.3307835086823
-1212.7637268288086     -1212.8050359235763
-1297.0566101407878     -1297.041412769699
-1286.7314271795158     -1286.6942348506927
-1273.0664872525194     -1273.1318172447204
-1275.0815537057242     -1275.3820451843262
-1302.7731044336022     -1302.884088269806
-1285.1051065476154     -1285.0195831975936
-1225.7842858445592     -1225.7705009572983
-1225.7503004285254     -1225.7376887985229
-1227.6430439184458     -1227.6618184202193
-1318.4774855347575     -1318.6099091485978
-1310.8666444861235     -1310.838617645836
-1297.6927674703852     -1297.7526361040116
-1277.2115971299204     -1277.2439812503815
-1227.822750243604     -1227.7949143886567
-1311.35195007411     -1311.3796224084854
-1258.9617088087     -1258.9332132251739
-1242.8588766500661     -1242.9179767904282
-1316.2785420376667     -1316.2579019390107
-1249.6553988382964     -1249.7941913078307
-1278.177139636318     -1278.0934906801224
-1224.5788033295712     -1224.4771916856766
-1233.8430431393135     -1232.8332081733704
-1284.4268342881678     -1284.470661292076
-1302.0457101901636     -1302.1678507450104
-1344.354616683135     -1344.3007738506317
-1266.9671814205901     -1267.0580491411208
-1218.5754616105148     -1218.4650893281937
-1261.9112611754988     -1261.981401197624
-1262.477907635629     -1262.5264524999618
-1264.5270139529698     -1264.571538471031
-1237.6859294573862     -1237.4168820209502
-1225.7263270349224     -1225.4658668933869
-1282.155321359716     -1282.390475987625
-1320.031247324851     -1320.1098558490753
-1248.7707182238819     -1248.8527550525664
-1268.3219546860405     -1268.2717471427918
-1289.7151028552694     -1289.7825363470076
-1293.0818993043915     -1293.1063288595199
-1225.9550329189344     -1226.2756146722793
-1252.810976987437     -1253.008727248764
-1256.1992112373835     -1256.1241229673385
-1251.0418181935227     -1251.4549439767836
-1299.0586399677238     -1299.2030566774367
-1247.8754062129537     -1247.9597013370515
-1273.5144284502237     -1273.5137754039765
-1305.6614797650113     -1305.7229117975235
-1308.4418982901716     -1308.4505434520722
-1265.8330540517097     -1265.8357302505492
-1288.2851235410867     -1288.2976322179795
-1292.8314882238874     -1292.797296382904
-1272.6226328815706     -1272.6279350852967
-1273.7738240205206     -1273.5962896263122
-1233.5018201081275     -1233.40992804718
-1240.6645004797679     -1240.7339889461516
-1280.5117268021015     -1280.7034208106995
-1297.653186244686     -1297.6561349292756
-1193.0231540570005     -1193.210635134697
-1294.6240841385013     -1294.869476576233
-1286.972328449637     -1287.0956339941024
-1205.3973711413755     -1205.3545646434784
-1243.5413319368502     -1243.5790582199097
-1282.6438710159205     -1282.7148149404525
-1168.663085584712     -1168.8209968471526
-1246.4699092398182     -1246.822271811676
-1327.1699088105358     -1327.2402106525421
-1224.0278788816036     -1224.915713432312
-1329.7285961359166     -1329.856914338684
-1261.8546666117338     -1262.1428229438782
-1191.0048217750564     -1191.1066984016418
-1316.7216984344136     -1316.654902669716
-1306.055439735282     -1306.0180452899933
-1289.6849744551089     -1289.6640431087494
-1266.762231710268     -1266.7485768232345
-1270.6872468164872     -1270.6412600349427
-1200.812080571494     -1201.8078605751036
-1257.084814864021     -1257.2539872228622
-1311.5924608708883     -1311.4969720594406
-1213.5296884817915     -1213.6319375120163
-1306.9988530033704     -1307.0581819263457
-1243.1966917764892     -1243.1348185367583
-1260.8259523251097     -1260.8111595134735
-1322.7285272541037     -1322.7152995986937
-1275.5825372622726     -1275.6649510894774
-1276.8966543162107     -1276.8283312498093
-1291.0995832112026     -1290.9093217136383
-1299.1002381004912     -1299.0273840740203
-1303.6107624495553     -1303.616599921608
-1307.4919828196746     -1307.3626400537491
-1239.3718999744451     -1239.4697971666335
-1222.4426945597568     -1222.4009649526595
-1313.0924366050874     -1312.8900373311997
-1293.8610178484237     -1293.912645876503
-1279.5228477039332     -1279.7620725236893
-1293.0408556461625     -1293.2828811454772
-1271.8032061058211     -1271.8690329572678
-1221.8268567954303     -1221.8645345392226
-1314.2758031015878     -1314.4818228889465
-1233.992142613843     -1234.0972240163803
-1301.8173560422995     -1301.836826204872
-1305.3684512361365     -1305.2931868762969
-1258.8660170868625     -1258.985466368103
-1263.5783900821746     -1263.5646538347244
-1293.8468258811413     -1293.8829126066207
-1345.1872784069494     -1345.2096618518829
-1295.9799689173071     -1295.9333646411897
-1293.7914624093025     -1293.7784063207625
-1312.072514084927     -1312.1453860603333
-1306.7311214397803     -1306.69601662426
-1246.3011166071947     -1246.4759407953263
-1232.5599391907372     -1232.6936025541306
-1246.0582022230262     -1246.0674162233352
-1295.666623202673     -1295.6574961963654
-1298.699305415514     -1298.737440708542
-1130.796688220498     -1130.7037365724564
-1269.6210817073716     -1269.5800989858626
-1291.5886595700465     -1291.445576190567
-1307.51123561474     -1307.5130657682419
-1211.815324771727     -1211.829028144455
-1185.4011163108432     -1185.4842074415208
-1234.9410570081816     -1234.3717729373932
-1198.763254413359     -1198.8244172376633
-1315.8590237009846     -1315.7928137796403
-1290.3839643387837     -1290.1586886014939
-1246.5921687298385     -1247.0415766691208
-1281.5484438619685     -1281.5470363674165
-1239.4231278347404     -1239.4911734523773
-1289.0407425583853     -1289.1737080604553
-1215.167728633515     -1215.1303887521744
-1247.708291870199     -1247.6674707969664
-1261.7596404159315     -1261.8204192926407
-1277.7036138863828     -1277.547823600006
-1279.0611290998877     -1278.9706221416473
-1186.8988216940659     -1186.938762522888
-1269.0175587666881     -1269.001443810463
-1205.851599642517     -1205.8762163902284
-1192.2595576445076     -1192.3062335144043
-1252.3423343117224     -1252.417052771759
-1246.458947057482     -1246.4663522556305
-1233.8647363338114     -1233.8687704605102
-1308.93984609617     -1308.9614630718231
-1273.729279500445     -1273.8605462615967
-1268.6082321731708     -1268.6151752067565
-1331.1317087199025     -1331.0844233562468
-1312.8866782186988     -1312.934901140785
-1222.5222409896573     -1222.646484349823
-1278.5960403345944     -1278.6003637601852
-1223.8141286525267     -1225.43754111557
-1275.7641139638572     -1275.818191788101
-1307.4095890362732     -1307.4744477046966
-1224.5099283264694     -1224.5536360984802
-1267.8036115333969     -1267.8693803485871
-1268.6049444962346     -1268.6740259687424
-1178.8724630396594     -1178.8663556863785
-1233.382871920009     -1233.36840703125
-1267.2864499263487     -1267.3954953638076
-1268.3759886749092     -1268.402995777893
-1250.6242568039445     -1250.665516864586
-1300.3114743285716     -1300.5316412189484
-1287.0286499250994     -1287.1538689783097
-1323.2835892995483     -1323.3488469646454
-1129.2174099685665     -1128.9505292684555
-1206.642590716232     -1206.6226270261764
-1304.5352954381942     -1304.6062427801132
-1326.9202186147393     -1326.979296810913
-1287.3095395738815     -1287.3794195817948
-1302.2781442764365     -1302.330064205551
-1302.0921111585903     -1302.2552032213212
-1283.665580750618     -1283.734103100586
-1252.867428620823     -1252.8743997247695
-1244.7314960042877     -1244.7444616500854
-1290.5272049028704     -1290.453118347931
-1246.3606180426934     -1246.978943272209
-1264.4701147939813     -1264.4824266296387
-1246.2916774156001     -1246.2948141601562
-1239.9054585080405     -1239.8942439926147
-1251.7209809336307     -1251.6356307706833
-1234.8207516233354     -1234.8851556682587
-1201.577367461403     -1201.596384892273
-1214.2859543154143     -1214.5556921482087
-1190.6721584530596     -1191.0023680522918
